Tiempo (s), Cal1 (%), Cal2 (%), Temp1 (°C), Temp2 (°C), Set1 (°C), Set2 (°C)
0.000000000000000000e+00,0.000000000000000000e+00,0.000000000000000000e+00,2.825000000000000000e+01,2.688200000000000145e+01,2.300000000000000000e+01,2.300000000000000000e+01
1.001252651214599609e+00,1.000000000000000000e+02,0.000000000000000000e+00,2.820100000000000051e+01,2.649099999999999966e+01,2.300000000000000000e+01,2.300000000000000000e+01
2.170366287231445312e+00,1.000000000000000000e+02,0.000000000000000000e+00,2.834799999999999898e+01,2.634400000000000119e+01,2.300000000000000000e+01,2.300000000000000000e+01
3.333469867706298828e+00,1.000000000000000000e+02,0.000000000000000000e+00,2.820100000000000051e+01,2.649099999999999966e+01,2.300000000000000000e+01,2.300000000000000000e+01
4.482726573944091797e+00,1.000000000000000000e+02,0.000000000000000000e+00,2.839699999999999847e+01,2.649099999999999966e+01,2.300000000000000000e+01,2.300000000000000000e+01
5.642860889434814453e+00,1.000000000000000000e+02,0.000000000000000000e+00,2.834799999999999898e+01,2.653999999999999915e+01,2.300000000000000000e+01,2.300000000000000000e+01
6.788221359252929688e+00,1.000000000000000000e+02,0.000000000000000000e+00,2.820100000000000051e+01,2.678399999999999892e+01,2.300000000000000000e+01,2.300000000000000000e+01
7.937076568603515625e+00,1.000000000000000000e+02,0.000000000000000000e+00,2.820100000000000051e+01,2.649099999999999966e+01,2.300000000000000000e+01,2.300000000000000000e+01
9.088330507278442383e+00,1.000000000000000000e+02,0.000000000000000000e+00,2.829899999999999949e+01,2.649099999999999966e+01,2.300000000000000000e+01,2.300000000000000000e+01
1.026726198196411133e+01,1.000000000000000000e+02,0.000000000000000000e+00,2.834799999999999898e+01,2.658800000000000097e+01,2.300000000000000000e+01,2.300000000000000000e+01
1.141637086868286133e+01,1.000000000000000000e+02,0.000000000000000000e+00,2.834799999999999898e+01,2.673499999999999943e+01,2.300000000000000000e+01,2.300000000000000000e+01
1.256134438514709473e+01,1.000000000000000000e+02,0.000000000000000000e+00,2.834799999999999898e+01,2.653999999999999915e+01,2.300000000000000000e+01,2.300000000000000000e+01
1.370717573165893555e+01,1.000000000000000000e+02,0.000000000000000000e+00,2.839699999999999847e+01,2.673499999999999943e+01,2.300000000000000000e+01,2.300000000000000000e+01
1.485682272911071777e+01,1.000000000000000000e+02,0.000000000000000000e+00,2.834799999999999898e+01,2.658800000000000097e+01,2.300000000000000000e+01,2.300000000000000000e+01
1.601162266731262207e+01,1.000000000000000000e+02,0.000000000000000000e+00,2.825000000000000000e+01,2.649099999999999966e+01,2.300000000000000000e+01,2.300000000000000000e+01
1.716453433036804199e+01,1.000000000000000000e+02,0.000000000000000000e+00,2.839699999999999847e+01,2.653999999999999915e+01,2.300000000000000000e+01,2.300000000000000000e+01
1.837196779251098633e+01,1.000000000000000000e+02,0.000000000000000000e+00,2.834799999999999898e+01,2.653999999999999915e+01,2.300000000000000000e+01,2.300000000000000000e+01
1.953518366813659668e+01,1.000000000000000000e+02,0.000000000000000000e+00,2.859199999999999875e+01,2.634400000000000119e+01,2.300000000000000000e+01,2.300000000000000000e+01
2.069576478004455566e+01,1.000000000000000000e+02,0.000000000000000000e+00,2.854299999999999926e+01,2.634400000000000119e+01,2.300000000000000000e+01,2.300000000000000000e+01
2.185766577720642090e+01,1.000000000000000000e+02,0.000000000000000000e+00,2.869000000000000128e+01,2.673499999999999943e+01,2.300000000000000000e+01,2.300000000000000000e+01
2.303511214256286621e+01,1.000000000000000000e+02,0.000000000000000000e+00,2.864099999999999824e+01,2.649099999999999966e+01,2.300000000000000000e+01,2.300000000000000000e+01
2.418060278892517090e+01,1.000000000000000000e+02,0.000000000000000000e+00,2.878800000000000026e+01,2.663700000000000045e+01,2.300000000000000000e+01,2.300000000000000000e+01
2.532683348655700684e+01,1.000000000000000000e+02,0.000000000000000000e+00,2.883699999999999974e+01,2.624599999999999866e+01,2.300000000000000000e+01,2.300000000000000000e+01
2.647917008399963379e+01,1.000000000000000000e+02,0.000000000000000000e+00,2.883699999999999974e+01,2.653999999999999915e+01,2.300000000000000000e+01,2.300000000000000000e+01
2.763691353797912598e+01,1.000000000000000000e+02,0.000000000000000000e+00,2.893499999999999872e+01,2.649099999999999966e+01,2.300000000000000000e+01,2.300000000000000000e+01
2.878923559188842773e+01,1.000000000000000000e+02,0.000000000000000000e+00,2.917899999999999849e+01,2.653999999999999915e+01,2.300000000000000000e+01,2.300000000000000000e+01
2.993466329574584961e+01,1.000000000000000000e+02,0.000000000000000000e+00,2.922800000000000153e+01,2.649099999999999966e+01,2.300000000000000000e+01,2.300000000000000000e+01
3.109494447708129883e+01,1.000000000000000000e+02,0.000000000000000000e+00,2.932600000000000051e+01,2.644200000000000017e+01,2.300000000000000000e+01,2.300000000000000000e+01
3.228005933761596680e+01,1.000000000000000000e+02,0.000000000000000000e+00,2.947200000000000131e+01,2.649099999999999966e+01,2.300000000000000000e+01,2.300000000000000000e+01
3.343265652656555176e+01,1.000000000000000000e+02,0.000000000000000000e+00,2.952100000000000080e+01,2.634400000000000119e+01,2.300000000000000000e+01,2.300000000000000000e+01
3.459449410438537598e+01,1.000000000000000000e+02,0.000000000000000000e+00,2.961899999999999977e+01,2.644200000000000017e+01,2.300000000000000000e+01,2.300000000000000000e+01
3.575182080268859863e+01,1.000000000000000000e+02,0.000000000000000000e+00,2.961899999999999977e+01,2.668599999999999994e+01,2.300000000000000000e+01,2.300000000000000000e+01
3.691081118583679199e+01,1.000000000000000000e+02,0.000000000000000000e+00,2.986299999999999955e+01,2.663700000000000045e+01,2.300000000000000000e+01,2.300000000000000000e+01
3.807189917564392090e+01,1.000000000000000000e+02,0.000000000000000000e+00,2.996099999999999852e+01,2.649099999999999966e+01,2.300000000000000000e+01,2.300000000000000000e+01
3.925154829025268555e+01,1.000000000000000000e+02,0.000000000000000000e+00,3.001000000000000156e+01,2.649099999999999966e+01,2.300000000000000000e+01,2.300000000000000000e+01
4.041663408279418945e+01,1.000000000000000000e+02,0.000000000000000000e+00,3.010800000000000054e+01,2.673499999999999943e+01,2.300000000000000000e+01,2.300000000000000000e+01
4.158189892768859863e+01,1.000000000000000000e+02,0.000000000000000000e+00,3.040099999999999980e+01,2.649099999999999966e+01,2.300000000000000000e+01,2.300000000000000000e+01
4.273781394958496094e+01,1.000000000000000000e+02,0.000000000000000000e+00,3.044999999999999929e+01,2.658800000000000097e+01,2.300000000000000000e+01,2.300000000000000000e+01
4.387965846061706543e+01,1.000000000000000000e+02,0.000000000000000000e+00,3.059600000000000009e+01,2.663700000000000045e+01,2.300000000000000000e+01,2.300000000000000000e+01
4.503157067298889160e+01,1.000000000000000000e+02,0.000000000000000000e+00,3.074299999999999855e+01,2.678399999999999892e+01,2.300000000000000000e+01,2.300000000000000000e+01
4.618002438545227051e+01,0.000000000000000000e+00,0.000000000000000000e+00,3.108500000000000085e+01,2.673499999999999943e+01,2.300000000000000000e+01,2.300000000000000000e+01
4.733998227119445801e+01,1.000000000000000000e+02,0.000000000000000000e+00,3.118299999999999983e+01,2.668599999999999994e+01,2.300000000000000000e+01,2.300000000000000000e+01
4.850261354446411133e+01,1.000000000000000000e+02,0.000000000000000000e+00,3.118299999999999983e+01,2.663700000000000045e+01,2.300000000000000000e+01,2.300000000000000000e+01
4.968442344665527344e+01,1.000000000000000000e+02,0.000000000000000000e+00,3.137800000000000011e+01,2.678399999999999892e+01,2.300000000000000000e+01,2.300000000000000000e+01
5.085058259963989258e+01,1.000000000000000000e+02,0.000000000000000000e+00,3.142699999999999960e+01,2.668599999999999994e+01,2.300000000000000000e+01,2.300000000000000000e+01
5.203968667984008789e+01,1.000000000000000000e+02,0.000000000000000000e+00,3.147599999999999909e+01,2.663700000000000045e+01,2.300000000000000000e+01,2.300000000000000000e+01
5.320099520683288574e+01,1.000000000000000000e+02,0.000000000000000000e+00,3.167200000000000060e+01,2.668599999999999994e+01,2.300000000000000000e+01,2.300000000000000000e+01
5.438383078575134277e+01,1.000000000000000000e+02,0.000000000000000000e+00,3.176899999999999835e+01,2.678399999999999892e+01,2.300000000000000000e+01,2.300000000000000000e+01
5.554865121841430664e+01,1.000000000000000000e+02,0.000000000000000000e+00,3.186700000000000088e+01,2.663700000000000045e+01,2.300000000000000000e+01,2.300000000000000000e+01
5.670592641830444336e+01,1.000000000000000000e+02,0.000000000000000000e+00,3.206300000000000239e+01,2.649099999999999966e+01,2.300000000000000000e+01,2.300000000000000000e+01
5.786630177497863770e+01,0.000000000000000000e+00,0.000000000000000000e+00,3.235600000000000165e+01,2.683299999999999841e+01,2.300000000000000000e+01,2.300000000000000000e+01
5.901976799964904785e+01,1.000000000000000000e+02,0.000000000000000000e+00,3.225800000000000267e+01,2.658800000000000097e+01,2.300000000000000000e+01,2.300000000000000000e+01
6.017930746078491211e+01,0.000000000000000000e+00,0.000000000000000000e+00,3.250200000000000244e+01,2.673499999999999943e+01,2.300000000000000000e+01,2.300000000000000000e+01
6.136216497421264648e+01,1.000000000000000000e+02,0.000000000000000000e+00,3.240500000000000114e+01,2.658800000000000097e+01,2.300000000000000000e+01,2.300000000000000000e+01
6.253346300125122070e+01,0.000000000000000000e+00,0.000000000000000000e+00,3.269800000000000040e+01,2.673499999999999943e+01,2.300000000000000000e+01,2.300000000000000000e+01
6.369184231758117676e+01,1.000000000000000000e+02,0.000000000000000000e+00,3.269800000000000040e+01,2.663700000000000045e+01,2.300000000000000000e+01,2.300000000000000000e+01
6.485225415229797363e+01,0.000000000000000000e+00,0.000000000000000000e+00,3.303999999999999915e+01,2.673499999999999943e+01,2.300000000000000000e+01,2.300000000000000000e+01
6.604983568191528320e+01,1.000000000000000000e+02,0.000000000000000000e+00,3.313799999999999812e+01,2.673499999999999943e+01,2.300000000000000000e+01,2.300000000000000000e+01
6.720748758316040039e+01,0.000000000000000000e+00,0.000000000000000000e+00,3.333299999999999841e+01,2.688200000000000145e+01,2.300000000000000000e+01,2.300000000000000000e+01
6.840046334266662598e+01,1.000000000000000000e+02,0.000000000000000000e+00,3.333299999999999841e+01,2.678399999999999892e+01,2.300000000000000000e+01,2.300000000000000000e+01
6.956765389442443848e+01,0.000000000000000000e+00,0.000000000000000000e+00,3.357800000000000296e+01,2.673499999999999943e+01,2.300000000000000000e+01,2.300000000000000000e+01
7.072907161712646484e+01,3.002777777783865076e+01,0.000000000000000000e+00,3.367499999999999716e+01,2.653999999999999915e+01,2.300000000000000000e+01,2.300000000000000000e+01
7.189303755760192871e+01,1.000000000000000000e+02,0.000000000000000000e+00,3.362700000000000244e+01,2.658800000000000097e+01,2.300000000000000000e+01,2.300000000000000000e+01
7.305918097496032715e+01,0.000000000000000000e+00,0.000000000000000000e+00,3.382200000000000273e+01,2.697899999999999920e+01,2.300000000000000000e+01,2.300000000000000000e+01
7.422477960586547852e+01,1.000000000000000000e+02,0.000000000000000000e+00,3.382200000000000273e+01,2.668599999999999994e+01,2.300000000000000000e+01,2.300000000000000000e+01
7.542842435836791992e+01,0.000000000000000000e+00,0.000000000000000000e+00,3.411500000000000199e+01,2.688200000000000145e+01,2.300000000000000000e+01,2.300000000000000000e+01
7.659192132949829102e+01,0.000000000000000000e+00,0.000000000000000000e+00,3.421300000000000097e+01,2.683299999999999841e+01,2.300000000000000000e+01,2.300000000000000000e+01
7.775779366493225098e+01,1.000000000000000000e+02,0.000000000000000000e+00,3.416400000000000148e+01,2.678399999999999892e+01,2.300000000000000000e+01,2.300000000000000000e+01
7.893226432800292969e+01,0.000000000000000000e+00,0.000000000000000000e+00,3.460399999999999920e+01,2.683299999999999841e+01,2.300000000000000000e+01,2.300000000000000000e+01
8.010444808006286621e+01,1.000000000000000000e+02,0.000000000000000000e+00,3.460399999999999920e+01,2.693100000000000094e+01,2.300000000000000000e+01,2.300000000000000000e+01
8.128015708923339844e+01,1.000000000000000000e+02,0.000000000000000000e+00,3.460399999999999920e+01,2.683299999999999841e+01,2.300000000000000000e+01,2.300000000000000000e+01
8.252235794067382812e+01,0.000000000000000000e+00,0.000000000000000000e+00,3.499499999999999744e+01,2.697899999999999920e+01,2.300000000000000000e+01,2.300000000000000000e+01
8.369706845283508301e+01,1.000000000000000000e+02,0.000000000000000000e+00,3.494599999999999795e+01,2.683299999999999841e+01,2.300000000000000000e+01,2.300000000000000000e+01
8.489090156555175781e+01,0.000000000000000000e+00,0.000000000000000000e+00,3.514200000000000301e+01,2.707700000000000173e+01,2.300000000000000000e+01,2.300000000000000000e+01
8.604665851593017578e+01,0.000000000000000000e+00,0.000000000000000000e+00,3.514200000000000301e+01,2.678399999999999892e+01,2.300000000000000000e+01,2.300000000000000000e+01
8.721144986152648926e+01,0.000000000000000000e+00,0.000000000000000000e+00,3.533700000000000330e+01,2.678399999999999892e+01,2.300000000000000000e+01,2.300000000000000000e+01
8.841207861900329590e+01,0.000000000000000000e+00,0.000000000000000000e+00,3.533700000000000330e+01,2.712600000000000122e+01,2.300000000000000000e+01,2.300000000000000000e+01
8.957232499122619629e+01,0.000000000000000000e+00,0.000000000000000000e+00,3.533700000000000330e+01,2.688200000000000145e+01,2.300000000000000000e+01,2.300000000000000000e+01
9.072899198532104492e+01,0.000000000000000000e+00,0.000000000000000000e+00,3.553300000000000125e+01,2.688200000000000145e+01,2.300000000000000000e+01,2.300000000000000000e+01
9.188853359222412109e+01,0.000000000000000000e+00,0.000000000000000000e+00,3.567900000000000205e+01,2.697899999999999920e+01,2.300000000000000000e+01,2.300000000000000000e+01
9.303925657272338867e+01,0.000000000000000000e+00,0.000000000000000000e+00,3.567900000000000205e+01,2.702799999999999869e+01,2.300000000000000000e+01,2.300000000000000000e+01
9.419230365753173828e+01,0.000000000000000000e+00,0.000000000000000000e+00,3.572800000000000153e+01,2.683299999999999841e+01,2.300000000000000000e+01,2.300000000000000000e+01
9.536995840072631836e+01,0.000000000000000000e+00,0.000000000000000000e+00,3.602199999999999847e+01,2.707700000000000173e+01,2.300000000000000000e+01,2.300000000000000000e+01
9.652975034713745117e+01,0.000000000000000000e+00,0.000000000000000000e+00,3.597299999999999898e+01,2.688200000000000145e+01,2.300000000000000000e+01,2.300000000000000000e+01
9.768412232398986816e+01,0.000000000000000000e+00,0.000000000000000000e+00,3.611899999999999977e+01,2.697899999999999920e+01,2.300000000000000000e+01,2.300000000000000000e+01
9.884436631202697754e+01,0.000000000000000000e+00,0.000000000000000000e+00,3.616799999999999926e+01,2.693100000000000094e+01,2.300000000000000000e+01,2.300000000000000000e+01
9.999927043914794922e+01,0.000000000000000000e+00,0.000000000000000000e+00,3.616799999999999926e+01,2.712600000000000122e+01,2.300000000000000000e+01,2.300000000000000000e+01
1.011673929691314697e+02,0.000000000000000000e+00,0.000000000000000000e+00,3.616799999999999926e+01,2.717500000000000071e+01,2.300000000000000000e+01,2.300000000000000000e+01
1.023298032283782959e+02,0.000000000000000000e+00,0.000000000000000000e+00,3.631499999999999773e+01,2.702799999999999869e+01,2.300000000000000000e+01,2.300000000000000000e+01
1.034808955192565918e+02,0.000000000000000000e+00,0.000000000000000000e+00,3.636399999999999721e+01,2.712600000000000122e+01,2.300000000000000000e+01,2.300000000000000000e+01
1.046284439563751221e+02,0.000000000000000000e+00,0.000000000000000000e+00,3.646099999999999852e+01,2.697899999999999920e+01,2.300000000000000000e+01,2.300000000000000000e+01
1.057790515422821045e+02,0.000000000000000000e+00,0.000000000000000000e+00,3.650999999999999801e+01,2.707700000000000173e+01,2.300000000000000000e+01,2.300000000000000000e+01
1.069293437004089355e+02,0.000000000000000000e+00,0.000000000000000000e+00,3.665699999999999648e+01,2.712600000000000122e+01,2.300000000000000000e+01,2.300000000000000000e+01
1.080788531303405762e+02,1.000000000000000000e+02,0.000000000000000000e+00,3.650999999999999801e+01,2.717500000000000071e+01,2.300000000000000000e+01,2.300000000000000000e+01
1.092276315689086914e+02,0.000000000000000000e+00,0.000000000000000000e+00,3.675500000000000256e+01,2.746799999999999997e+01,2.300000000000000000e+01,2.300000000000000000e+01
1.104787390232086182e+02,0.000000000000000000e+00,0.000000000000000000e+00,3.675500000000000256e+01,2.732199999999999918e+01,2.300000000000000000e+01,2.300000000000000000e+01
1.116273663043975830e+02,0.000000000000000000e+00,0.000000000000000000e+00,3.665699999999999648e+01,2.717500000000000071e+01,2.300000000000000000e+01,2.300000000000000000e+01
1.127816696166992188e+02,0.000000000000000000e+00,0.000000000000000000e+00,3.665699999999999648e+01,2.722400000000000020e+01,2.300000000000000000e+01,2.300000000000000000e+01
1.139380564689636230e+02,0.000000000000000000e+00,0.000000000000000000e+00,3.665699999999999648e+01,2.727299999999999969e+01,2.300000000000000000e+01,2.300000000000000000e+01
1.150880873203277588e+02,0.000000000000000000e+00,0.000000000000000000e+00,3.670600000000000307e+01,2.727299999999999969e+01,2.300000000000000000e+01,2.300000000000000000e+01
1.162375147342681885e+02,0.000000000000000000e+00,0.000000000000000000e+00,3.675500000000000256e+01,2.727299999999999969e+01,2.300000000000000000e+01,2.300000000000000000e+01
1.174108791351318359e+02,0.000000000000000000e+00,0.000000000000000000e+00,3.680400000000000205e+01,2.727299999999999969e+01,2.300000000000000000e+01,2.300000000000000000e+01
1.185731065273284912e+02,0.000000000000000000e+00,0.000000000000000000e+00,3.675500000000000256e+01,2.727299999999999969e+01,2.300000000000000000e+01,2.300000000000000000e+01
1.197204685211181641e+02,0.000000000000000000e+00,0.000000000000000000e+00,3.675500000000000256e+01,2.722400000000000020e+01,2.300000000000000000e+01,2.300000000000000000e+01
1.208708152770996094e+02,0.000000000000000000e+00,0.000000000000000000e+00,3.699900000000000233e+01,2.717500000000000071e+01,2.300000000000000000e+01,2.300000000000000000e+01
1.220237715244293213e+02,9.205555555561454639e+01,0.000000000000000000e+00,3.685199999999999676e+01,2.737000000000000099e+01,2.300000000000000000e+01,2.300000000000000000e+01
1.231773540973663330e+02,0.000000000000000000e+00,0.000000000000000000e+00,3.709700000000000131e+01,2.732199999999999918e+01,2.300000000000000000e+01,2.300000000000000000e+01
1.243342308998107910e+02,0.000000000000000000e+00,0.000000000000000000e+00,3.699900000000000233e+01,2.741900000000000048e+01,2.300000000000000000e+01,2.300000000000000000e+01
1.255125651359558105e+02,6.633333333339237470e+01,0.000000000000000000e+00,3.685199999999999676e+01,2.732199999999999918e+01,2.300000000000000000e+01,2.300000000000000000e+01
1.266662299633026123e+02,0.000000000000000000e+00,0.000000000000000000e+00,3.704800000000000182e+01,2.756599999999999895e+01,2.300000000000000000e+01,2.300000000000000000e+01
1.278197283744812012e+02,1.000000000000000000e+02,0.000000000000000000e+00,3.680400000000000205e+01,2.732199999999999918e+01,2.300000000000000000e+01,2.300000000000000000e+01
1.289778680801391602e+02,0.000000000000000000e+00,0.000000000000000000e+00,3.690100000000000335e+01,2.756599999999999895e+01,2.300000000000000000e+01,2.300000000000000000e+01
1.301331725120544434e+02,0.000000000000000000e+00,0.000000000000000000e+00,3.699900000000000233e+01,2.756599999999999895e+01,2.300000000000000000e+01,2.300000000000000000e+01
1.312893111705780029e+02,4.061111111117020300e+01,0.000000000000000000e+00,3.685199999999999676e+01,2.737000000000000099e+01,2.300000000000000000e+01,2.300000000000000000e+01
1.324674885272979736e+02,0.000000000000000000e+00,0.000000000000000000e+00,3.690100000000000335e+01,2.776099999999999923e+01,2.300000000000000000e+01,2.300000000000000000e+01
1.336198453903198242e+02,7.886111111111745231e+01,0.000000000000000000e+00,3.675500000000000256e+01,2.751699999999999946e+01,2.300000000000000000e+01,2.300000000000000000e+01
1.347784113883972168e+02,0.000000000000000000e+00,0.000000000000000000e+00,3.704800000000000182e+01,2.751699999999999946e+01,2.300000000000000000e+01,2.300000000000000000e+01
1.359416100978851318e+02,0.000000000000000000e+00,0.000000000000000000e+00,3.704800000000000182e+01,2.756599999999999895e+01,2.300000000000000000e+01,2.300000000000000000e+01
1.371013863086700439e+02,1.000000000000000000e+02,0.000000000000000000e+00,3.675500000000000256e+01,2.751699999999999946e+01,2.300000000000000000e+01,2.300000000000000000e+01
1.382607181072235107e+02,0.000000000000000000e+00,0.000000000000000000e+00,3.714600000000000080e+01,2.756599999999999895e+01,2.300000000000000000e+01,2.300000000000000000e+01
1.394251003265380859e+02,1.000000000000000000e+02,0.000000000000000000e+00,3.695000000000000284e+01,2.756599999999999895e+01,2.300000000000000000e+01,2.300000000000000000e+01
1.405808496475219727e+02,0.000000000000000000e+00,0.000000000000000000e+00,3.709700000000000131e+01,2.761499999999999844e+01,2.300000000000000000e+01,2.300000000000000000e+01
1.417366003990173340e+02,1.000000000000000000e+02,0.000000000000000000e+00,3.685199999999999676e+01,2.790800000000000125e+01,2.300000000000000000e+01,2.300000000000000000e+01
1.428990828990936279e+02,0.000000000000000000e+00,0.000000000000000000e+00,3.709700000000000131e+01,2.771300000000000097e+01,2.300000000000000000e+01,2.300000000000000000e+01
1.440591468811035156e+02,0.000000000000000000e+00,0.000000000000000000e+00,3.695000000000000284e+01,2.771300000000000097e+01,2.300000000000000000e+01,2.300000000000000000e+01
1.452197985649108887e+02,0.000000000000000000e+00,0.000000000000000000e+00,3.699900000000000233e+01,2.746799999999999997e+01,2.300000000000000000e+01,2.300000000000000000e+01
1.463736598491668701e+02,0.000000000000000000e+00,0.000000000000000000e+00,3.704800000000000182e+01,2.766400000000000148e+01,2.300000000000000000e+01,2.300000000000000000e+01
1.475528202056884766e+02,0.000000000000000000e+00,0.000000000000000000e+00,3.699900000000000233e+01,2.766400000000000148e+01,2.300000000000000000e+01,2.300000000000000000e+01
1.487079589366912842e+02,0.000000000000000000e+00,0.000000000000000000e+00,3.699900000000000233e+01,2.780999999999999872e+01,2.300000000000000000e+01,2.300000000000000000e+01
1.499100911617279053e+02,0.000000000000000000e+00,0.000000000000000000e+00,3.704800000000000182e+01,2.776099999999999923e+01,2.300000000000000000e+01,2.300000000000000000e+01
1.510672218799591064e+02,0.000000000000000000e+00,0.000000000000000000e+00,3.699900000000000233e+01,2.771300000000000097e+01,2.300000000000000000e+01,2.300000000000000000e+01
1.522219877243041992e+02,0.000000000000000000e+00,0.000000000000000000e+00,3.709700000000000131e+01,2.776099999999999923e+01,2.300000000000000000e+01,2.300000000000000000e+01
1.533792009353637695e+02,0.000000000000000000e+00,0.000000000000000000e+00,3.695000000000000284e+01,2.776099999999999923e+01,2.300000000000000000e+01,2.300000000000000000e+01
1.545675837993621826e+02,0.000000000000000000e+00,0.000000000000000000e+00,3.704800000000000182e+01,2.790800000000000125e+01,2.300000000000000000e+01,2.300000000000000000e+01
1.557199888229370117e+02,0.000000000000000000e+00,0.000000000000000000e+00,3.719500000000000028e+01,2.771300000000000097e+01,2.300000000000000000e+01,2.300000000000000000e+01
1.568801136016845703e+02,0.000000000000000000e+00,0.000000000000000000e+00,3.709700000000000131e+01,2.776099999999999923e+01,2.300000000000000000e+01,2.300000000000000000e+01
1.580360159873962402e+02,0.000000000000000000e+00,0.000000000000000000e+00,3.704800000000000182e+01,2.795700000000000074e+01,2.300000000000000000e+01,2.300000000000000000e+01
1.591928918361663818e+02,0.000000000000000000e+00,0.000000000000000000e+00,3.714600000000000080e+01,2.780999999999999872e+01,2.300000000000000000e+01,2.300000000000000000e+01
1.603543181419372559e+02,0.000000000000000000e+00,0.000000000000000000e+00,3.709700000000000131e+01,2.790800000000000125e+01,2.300000000000000000e+01,2.300000000000000000e+01
1.615408680438995361e+02,0.000000000000000000e+00,0.000000000000000000e+00,3.704800000000000182e+01,2.790800000000000125e+01,2.300000000000000000e+01,2.300000000000000000e+01
1.626996355056762695e+02,0.000000000000000000e+00,0.000000000000000000e+00,3.714600000000000080e+01,2.785900000000000176e+01,2.300000000000000000e+01,2.300000000000000000e+01
1.638571045398712158e+02,0.000000000000000000e+00,0.000000000000000000e+00,3.709700000000000131e+01,2.790800000000000125e+01,2.300000000000000000e+01,2.300000000000000000e+01
1.650349853038787842e+02,0.000000000000000000e+00,0.000000000000000000e+00,3.714600000000000080e+01,2.776099999999999923e+01,2.300000000000000000e+01,2.300000000000000000e+01
1.662462041378021240e+02,0.000000000000000000e+00,0.000000000000000000e+00,3.714600000000000080e+01,2.771300000000000097e+01,2.300000000000000000e+01,2.300000000000000000e+01
1.674003322124481201e+02,0.000000000000000000e+00,0.000000000000000000e+00,3.704800000000000182e+01,2.790800000000000125e+01,2.300000000000000000e+01,2.300000000000000000e+01
1.685852489471435547e+02,0.000000000000000000e+00,0.000000000000000000e+00,3.714600000000000080e+01,2.810399999999999920e+01,2.300000000000000000e+01,2.300000000000000000e+01
1.697423100471496582e+02,0.000000000000000000e+00,0.000000000000000000e+00,3.714600000000000080e+01,2.776099999999999923e+01,2.300000000000000000e+01,2.300000000000000000e+01
1.709019351005554199e+02,0.000000000000000000e+00,0.000000000000000000e+00,3.704800000000000182e+01,2.800600000000000023e+01,2.300000000000000000e+01,2.300000000000000000e+01
1.720765068531036377e+02,0.000000000000000000e+00,0.000000000000000000e+00,3.704800000000000182e+01,2.790800000000000125e+01,2.300000000000000000e+01,2.300000000000000000e+01
1.732783038616180420e+02,0.000000000000000000e+00,0.000000000000000000e+00,3.699900000000000233e+01,2.810399999999999920e+01,2.300000000000000000e+01,2.300000000000000000e+01
1.744687945842742920e+02,0.000000000000000000e+00,0.000000000000000000e+00,3.699900000000000233e+01,2.815200000000000102e+01,2.300000000000000000e+01,2.300000000000000000e+01
1.756612524986267090e+02,0.000000000000000000e+00,0.000000000000000000e+00,3.699900000000000233e+01,2.780999999999999872e+01,2.300000000000000000e+01,2.300000000000000000e+01
1.768535158634185791e+02,0.000000000000000000e+00,0.000000000000000000e+00,3.695000000000000284e+01,2.790800000000000125e+01,2.300000000000000000e+01,2.300000000000000000e+01
1.780519199371337891e+02,0.000000000000000000e+00,0.000000000000000000e+00,3.690100000000000335e+01,2.795700000000000074e+01,2.300000000000000000e+01,2.300000000000000000e+01
1.792186620235443115e+02,0.000000000000000000e+00,0.000000000000000000e+00,3.680400000000000205e+01,2.800600000000000023e+01,2.300000000000000000e+01,2.300000000000000000e+01
1.804010477066040039e+02,0.000000000000000000e+00,0.000000000000000000e+00,3.685199999999999676e+01,2.795700000000000074e+01,2.300000000000000000e+01,2.300000000000000000e+01
1.816004793643951416e+02,0.000000000000000000e+00,0.000000000000000000e+00,3.685199999999999676e+01,2.785900000000000176e+01,2.300000000000000000e+01,2.300000000000000000e+01
1.827686235904693604e+02,9.191666666660057672e+01,0.000000000000000000e+00,3.670600000000000307e+01,2.790800000000000125e+01,2.300000000000000000e+01,2.300000000000000000e+01
1.839225590229034424e+02,0.000000000000000000e+00,0.000000000000000000e+00,3.695000000000000284e+01,2.800600000000000023e+01,2.300000000000000000e+01,2.300000000000000000e+01
1.850809519290924072e+02,1.000000000000000000e+02,0.000000000000000000e+00,3.665699999999999648e+01,2.790800000000000125e+01,2.300000000000000000e+01,2.300000000000000000e+01
1.862325930595397949e+02,0.000000000000000000e+00,0.000000000000000000e+00,3.690100000000000335e+01,2.800600000000000023e+01,2.300000000000000000e+01,2.300000000000000000e+01
1.873886678218841553e+02,1.000000000000000000e+02,0.000000000000000000e+00,3.670600000000000307e+01,2.795700000000000074e+01,2.300000000000000000e+01,2.300000000000000000e+01
1.886244151592254639e+02,0.000000000000000000e+00,0.000000000000000000e+00,3.670600000000000307e+01,2.820100000000000051e+01,2.300000000000000000e+01,2.300000000000000000e+01
1.897778408527374268e+02,0.000000000000000000e+00,0.000000000000000000e+00,3.665699999999999648e+01,2.800600000000000023e+01,2.300000000000000000e+01,2.300000000000000000e+01
1.909332411289215088e+02,0.000000000000000000e+00,0.000000000000000000e+00,3.660799999999999699e+01,2.815200000000000102e+01,2.300000000000000000e+01,2.300000000000000000e+01
1.921043045520782471e+02,0.000000000000000000e+00,0.000000000000000000e+00,3.650999999999999801e+01,2.790800000000000125e+01,2.300000000000000000e+01,2.300000000000000000e+01
1.932729942798614502e+02,0.000000000000000000e+00,0.000000000000000000e+00,3.655899999999999750e+01,2.800600000000000023e+01,2.300000000000000000e+01,2.300000000000000000e+01
1.944353361129760742e+02,0.000000000000000000e+00,0.000000000000000000e+00,3.646099999999999852e+01,2.815200000000000102e+01,2.300000000000000000e+01,2.300000000000000000e+01
1.955967671871185303e+02,0.000000000000000000e+00,0.000000000000000000e+00,3.636399999999999721e+01,2.800600000000000023e+01,2.300000000000000000e+01,2.300000000000000000e+01
1.968027603626251221e+02,0.000000000000000000e+00,0.000000000000000000e+00,3.650999999999999801e+01,2.810399999999999920e+01,2.300000000000000000e+01,2.300000000000000000e+01
1.979692144393920898e+02,0.000000000000000000e+00,0.000000000000000000e+00,3.655899999999999750e+01,2.815200000000000102e+01,2.300000000000000000e+01,2.300000000000000000e+01
1.991335928440093994e+02,1.000000000000000000e+02,0.000000000000000000e+00,3.636399999999999721e+01,2.805499999999999972e+01,2.300000000000000000e+01,2.300000000000000000e+01
2.002981770038604736e+02,0.000000000000000000e+00,0.000000000000000000e+00,3.655899999999999750e+01,2.810399999999999920e+01,2.300000000000000000e+01,2.300000000000000000e+01
2.014634919166564941e+02,0.000000000000000000e+00,0.000000000000000000e+00,3.646099999999999852e+01,2.820100000000000051e+01,2.300000000000000000e+01,2.300000000000000000e+01
2.026401710510253906e+02,0.000000000000000000e+00,0.000000000000000000e+00,3.641299999999999670e+01,2.800600000000000023e+01,2.300000000000000000e+01,2.300000000000000000e+01
2.038038091659545898e+02,0.000000000000000000e+00,0.000000000000000000e+00,3.631499999999999773e+01,2.815200000000000102e+01,2.300000000000000000e+01,2.300000000000000000e+01
2.049640998840332031e+02,0.000000000000000000e+00,0.000000000000000000e+00,3.636399999999999721e+01,2.805499999999999972e+01,2.300000000000000000e+01,2.300000000000000000e+01
2.061287186145782471e+02,0.000000000000000000e+00,0.000000000000000000e+00,3.641299999999999670e+01,2.815200000000000102e+01,2.300000000000000000e+01,2.300000000000000000e+01
2.072729878425598145e+02,1.000000000000000000e+02,0.000000000000000000e+00,3.626599999999999824e+01,2.815200000000000102e+01,2.300000000000000000e+01,2.300000000000000000e+01
2.084187412261962891e+02,0.000000000000000000e+00,0.000000000000000000e+00,3.636399999999999721e+01,2.834799999999999898e+01,2.300000000000000000e+01,2.300000000000000000e+01
2.095607173442840576e+02,0.000000000000000000e+00,0.000000000000000000e+00,3.626599999999999824e+01,2.800600000000000023e+01,2.300000000000000000e+01,2.300000000000000000e+01
2.107312812805175781e+02,0.000000000000000000e+00,0.000000000000000000e+00,3.616799999999999926e+01,2.815200000000000102e+01,2.300000000000000000e+01,2.300000000000000000e+01
2.118743205070495605e+02,0.000000000000000000e+00,0.000000000000000000e+00,3.616799999999999926e+01,2.815200000000000102e+01,2.300000000000000000e+01,2.300000000000000000e+01
2.130203366279602051e+02,0.000000000000000000e+00,0.000000000000000000e+00,3.616799999999999926e+01,2.805499999999999972e+01,2.300000000000000000e+01,2.300000000000000000e+01
2.141662380695343018e+02,0.000000000000000000e+00,0.000000000000000000e+00,3.616799999999999926e+01,2.810399999999999920e+01,2.300000000000000000e+01,2.300000000000000000e+01
2.153174190521240234e+02,0.000000000000000000e+00,0.000000000000000000e+00,3.626599999999999824e+01,2.820100000000000051e+01,2.300000000000000000e+01,2.300000000000000000e+01
2.164649133682250977e+02,0.000000000000000000e+00,0.000000000000000000e+00,3.631499999999999773e+01,2.805499999999999972e+01,2.300000000000000000e+01,2.300000000000000000e+01
2.176144206523895264e+02,1.000000000000000000e+02,0.000000000000000000e+00,3.616799999999999926e+01,2.815200000000000102e+01,2.300000000000000000e+01,2.300000000000000000e+01
2.188056051731109619e+02,0.000000000000000000e+00,0.000000000000000000e+00,3.631499999999999773e+01,2.834799999999999898e+01,2.300000000000000000e+01,2.300000000000000000e+01
2.199556205272674561e+02,0.000000000000000000e+00,0.000000000000000000e+00,3.621699999999999875e+01,2.820100000000000051e+01,2.300000000000000000e+01,2.300000000000000000e+01
2.211016836166381836e+02,1.000000000000000000e+02,0.000000000000000000e+00,3.602199999999999847e+01,2.810399999999999920e+01,2.300000000000000000e+01,2.300000000000000000e+01
2.222460587024688721e+02,0.000000000000000000e+00,0.000000000000000000e+00,3.626599999999999824e+01,2.829899999999999949e+01,2.300000000000000000e+01,2.300000000000000000e+01
2.233933181762695312e+02,1.000000000000000000e+02,0.000000000000000000e+00,3.611899999999999977e+01,2.820100000000000051e+01,2.300000000000000000e+01,2.300000000000000000e+01
2.245427813529968262e+02,0.000000000000000000e+00,0.000000000000000000e+00,3.626599999999999824e+01,2.839699999999999847e+01,2.300000000000000000e+01,2.300000000000000000e+01
2.257019326686859131e+02,1.000000000000000000e+02,0.000000000000000000e+00,3.611899999999999977e+01,2.810399999999999920e+01,2.300000000000000000e+01,2.300000000000000000e+01
2.268518636226654053e+02,0.000000000000000000e+00,0.000000000000000000e+00,3.616799999999999926e+01,2.829899999999999949e+01,2.300000000000000000e+01,2.300000000000000000e+01
2.279995453357696533e+02,0.000000000000000000e+00,0.000000000000000000e+00,3.616799999999999926e+01,2.810399999999999920e+01,2.300000000000000000e+01,2.300000000000000000e+01
2.291515195369720459e+02,0.000000000000000000e+00,0.000000000000000000e+00,3.616799999999999926e+01,2.829899999999999949e+01,2.300000000000000000e+01,2.300000000000000000e+01
2.302962894439697266e+02,0.000000000000000000e+00,0.000000000000000000e+00,3.621699999999999875e+01,2.815200000000000102e+01,2.300000000000000000e+01,2.300000000000000000e+01
2.314442367553710938e+02,0.000000000000000000e+00,0.000000000000000000e+00,3.616799999999999926e+01,2.825000000000000000e+01,2.300000000000000000e+01,2.300000000000000000e+01
2.325895249843597412e+02,0.000000000000000000e+00,0.000000000000000000e+00,3.616799999999999926e+01,2.815200000000000102e+01,2.300000000000000000e+01,2.300000000000000000e+01
2.337991175651550293e+02,0.000000000000000000e+00,0.000000000000000000e+00,3.611899999999999977e+01,2.810399999999999920e+01,2.300000000000000000e+01,2.300000000000000000e+01
2.349545609951019287e+02,1.000000000000000000e+02,0.000000000000000000e+00,3.592399999999999949e+01,2.820100000000000051e+01,2.300000000000000000e+01,2.300000000000000000e+01
2.360965392589569092e+02,0.000000000000000000e+00,0.000000000000000000e+00,3.611899999999999977e+01,2.849500000000000099e+01,2.300000000000000000e+01,2.300000000000000000e+01
2.372410569190979004e+02,0.000000000000000000e+00,0.000000000000000000e+00,3.611899999999999977e+01,2.825000000000000000e+01,2.300000000000000000e+01,2.300000000000000000e+01
2.383913888931274414e+02,0.000000000000000000e+00,0.000000000000000000e+00,3.616799999999999926e+01,2.820100000000000051e+01,2.300000000000000000e+01,2.300000000000000000e+01
2.395363206863403320e+02,0.000000000000000000e+00,0.000000000000000000e+00,3.611899999999999977e+01,2.825000000000000000e+01,2.300000000000000000e+01,2.300000000000000000e+01
2.406850070953369141e+02,0.000000000000000000e+00,0.000000000000000000e+00,3.616799999999999926e+01,2.825000000000000000e+01,2.300000000000000000e+01,2.300000000000000000e+01
2.418603670597076416e+02,6.805555555554508373e+01,0.000000000000000000e+00,3.607000000000000028e+01,2.829899999999999949e+01,2.300000000000000000e+01,2.300000000000000000e+01
2.430128352642059326e+02,0.000000000000000000e+00,0.000000000000000000e+00,3.616799999999999926e+01,2.834799999999999898e+01,2.300000000000000000e+01,2.300000000000000000e+01
2.441644518375396729e+02,0.000000000000000000e+00,0.000000000000000000e+00,3.611899999999999977e+01,2.834799999999999898e+01,2.300000000000000000e+01,2.300000000000000000e+01
2.453134739398956299e+02,1.000000000000000000e+02,0.000000000000000000e+00,3.597299999999999898e+01,2.829899999999999949e+01,2.300000000000000000e+01,2.300000000000000000e+01
2.464639999866485596e+02,0.000000000000000000e+00,0.000000000000000000e+00,3.611899999999999977e+01,2.829899999999999949e+01,2.300000000000000000e+01,2.300000000000000000e+01
2.476170771121978760e+02,1.000000000000000000e+02,0.000000000000000000e+00,3.597299999999999898e+01,2.825000000000000000e+01,2.300000000000000000e+01,2.300000000000000000e+01
2.487875757217407227e+02,0.000000000000000000e+00,0.000000000000000000e+00,3.607000000000000028e+01,2.849500000000000099e+01,2.300000000000000000e+01,2.300000000000000000e+01
2.499407794475555420e+02,1.000000000000000000e+02,0.000000000000000000e+00,3.597299999999999898e+01,2.844600000000000151e+01,2.300000000000000000e+01,2.300000000000000000e+01
2.510884013175964355e+02,0.000000000000000000e+00,0.000000000000000000e+00,3.611899999999999977e+01,2.844600000000000151e+01,2.300000000000000000e+01,2.300000000000000000e+01
2.522428133487701416e+02,1.000000000000000000e+02,0.000000000000000000e+00,3.587500000000000000e+01,2.829899999999999949e+01,2.300000000000000000e+01,2.300000000000000000e+01
2.533921761512756348e+02,0.000000000000000000e+00,0.000000000000000000e+00,3.602199999999999847e+01,2.849500000000000099e+01,2.300000000000000000e+01,2.300000000000000000e+01
2.545453813076019287e+02,0.000000000000000000e+00,0.000000000000000000e+00,3.597299999999999898e+01,2.849500000000000099e+01,2.300000000000000000e+01,2.300000000000000000e+01
2.556944403648376465e+02,0.000000000000000000e+00,0.000000000000000000e+00,3.597299999999999898e+01,2.844600000000000151e+01,2.300000000000000000e+01,2.300000000000000000e+01
2.568806912899017334e+02,1.000000000000000000e+02,0.000000000000000000e+00,3.582600000000000051e+01,2.844600000000000151e+01,2.300000000000000000e+01,2.300000000000000000e+01
2.580283019542694092e+02,0.000000000000000000e+00,0.000000000000000000e+00,3.602199999999999847e+01,2.839699999999999847e+01,2.300000000000000000e+01,2.300000000000000000e+01
2.591810040473937988e+02,1.000000000000000000e+02,0.000000000000000000e+00,3.572800000000000153e+01,2.834799999999999898e+01,2.300000000000000000e+01,2.300000000000000000e+01
2.603292067050933838e+02,0.000000000000000000e+00,0.000000000000000000e+00,3.616799999999999926e+01,2.849500000000000099e+01,2.300000000000000000e+01,2.300000000000000000e+01
2.614840009212493896e+02,5.319444444443399789e+01,0.000000000000000000e+00,3.607000000000000028e+01,2.844600000000000151e+01,2.300000000000000000e+01,2.300000000000000000e+01
2.626532378196716309e+02,1.000000000000000000e+02,0.000000000000000000e+00,3.592399999999999949e+01,2.820100000000000051e+01,2.300000000000000000e+01,2.300000000000000000e+01
2.638231368064880371e+02,0.000000000000000000e+00,0.000000000000000000e+00,3.616799999999999926e+01,2.849500000000000099e+01,2.300000000000000000e+01,2.300000000000000000e+01
2.649832358360290527e+02,1.000000000000000000e+02,0.000000000000000000e+00,3.602199999999999847e+01,2.844600000000000151e+01,2.300000000000000000e+01,2.300000000000000000e+01
2.661434817314147949e+02,0.000000000000000000e+00,0.000000000000000000e+00,3.616799999999999926e+01,2.854299999999999926e+01,2.300000000000000000e+01,2.300000000000000000e+01
2.672960100173950195e+02,0.000000000000000000e+00,0.000000000000000000e+00,3.616799999999999926e+01,2.825000000000000000e+01,2.300000000000000000e+01,2.300000000000000000e+01
2.684453597068786621e+02,3.833333333332279835e+01,0.000000000000000000e+00,3.607000000000000028e+01,2.829899999999999949e+01,2.300000000000000000e+01,2.300000000000000000e+01
2.695932378768920898e+02,0.000000000000000000e+00,0.000000000000000000e+00,3.616799999999999926e+01,2.869000000000000128e+01,2.300000000000000000e+01,2.300000000000000000e+01
2.707489011287689209e+02,1.000000000000000000e+02,0.000000000000000000e+00,3.602199999999999847e+01,2.859199999999999875e+01,2.300000000000000000e+01,2.300000000000000000e+01
2.719284203052520752e+02,0.000000000000000000e+00,0.000000000000000000e+00,3.621699999999999875e+01,2.849500000000000099e+01,2.300000000000000000e+01,2.300000000000000000e+01
2.730801355838775635e+02,0.000000000000000000e+00,0.000000000000000000e+00,3.616799999999999926e+01,2.849500000000000099e+01,2.300000000000000000e+01,2.300000000000000000e+01
2.742278635501861572e+02,0.000000000000000000e+00,0.000000000000000000e+00,3.611899999999999977e+01,2.849500000000000099e+01,2.300000000000000000e+01,2.300000000000000000e+01
2.753848590850830078e+02,0.000000000000000000e+00,0.000000000000000000e+00,3.616799999999999926e+01,2.815200000000000102e+01,2.300000000000000000e+01,2.300000000000000000e+01
2.765347979068756104e+02,0.000000000000000000e+00,0.000000000000000000e+00,3.621699999999999875e+01,2.829899999999999949e+01,2.300000000000000000e+01,2.300000000000000000e+01
2.776838626861572266e+02,0.000000000000000000e+00,0.000000000000000000e+00,3.626599999999999824e+01,2.834799999999999898e+01,2.300000000000000000e+01,2.300000000000000000e+01
2.788573520183563232e+02,0.000000000000000000e+00,0.000000000000000000e+00,3.626599999999999824e+01,2.844600000000000151e+01,2.300000000000000000e+01,2.300000000000000000e+01
2.800100040435791016e+02,0.000000000000000000e+00,0.000000000000000000e+00,3.636399999999999721e+01,2.859199999999999875e+01,2.300000000000000000e+01,2.300000000000000000e+01
2.811583590507507324e+02,0.000000000000000000e+00,0.000000000000000000e+00,3.646099999999999852e+01,2.834799999999999898e+01,2.300000000000000000e+01,2.300000000000000000e+01
2.823059825897216797e+02,1.000000000000000000e+02,0.000000000000000000e+00,3.621699999999999875e+01,2.844600000000000151e+01,2.300000000000000000e+01,2.300000000000000000e+01
2.834581604003906250e+02,0.000000000000000000e+00,0.000000000000000000e+00,3.650999999999999801e+01,2.849500000000000099e+01,2.300000000000000000e+01,2.300000000000000000e+01
2.846159553527832031e+02,1.000000000000000000e+02,0.000000000000000000e+00,3.631499999999999773e+01,2.839699999999999847e+01,2.300000000000000000e+01,2.300000000000000000e+01
2.858376777172088623e+02,0.000000000000000000e+00,0.000000000000000000e+00,3.646099999999999852e+01,2.854299999999999926e+01,2.300000000000000000e+01,2.300000000000000000e+01
2.869922442436218262e+02,0.000000000000000000e+00,0.000000000000000000e+00,3.655899999999999750e+01,2.844600000000000151e+01,2.300000000000000000e+01,2.300000000000000000e+01
2.881423757076263428e+02,0.000000000000000000e+00,0.000000000000000000e+00,3.650999999999999801e+01,2.825000000000000000e+01,2.300000000000000000e+01,2.300000000000000000e+01
2.893094940185546875e+02,0.000000000000000000e+00,0.000000000000000000e+00,3.646099999999999852e+01,2.849500000000000099e+01,2.300000000000000000e+01,2.300000000000000000e+01
2.904672150611877441e+02,0.000000000000000000e+00,0.000000000000000000e+00,3.665699999999999648e+01,2.839699999999999847e+01,2.300000000000000000e+01,2.300000000000000000e+01
2.916183946132659912e+02,1.000000000000000000e+02,0.000000000000000000e+00,3.646099999999999852e+01,2.834799999999999898e+01,2.300000000000000000e+01,2.300000000000000000e+01
2.927749397754669189e+02,0.000000000000000000e+00,0.000000000000000000e+00,3.665699999999999648e+01,2.854299999999999926e+01,2.300000000000000000e+01,2.300000000000000000e+01
2.939467859268188477e+02,0.000000000000000000e+00,0.000000000000000000e+00,3.660799999999999699e+01,2.844600000000000151e+01,2.300000000000000000e+01,2.300000000000000000e+01
2.951060810089111328e+02,0.000000000000000000e+00,0.000000000000000000e+00,3.655899999999999750e+01,2.849500000000000099e+01,2.300000000000000000e+01,2.300000000000000000e+01
2.962733218669891357e+02,0.000000000000000000e+00,0.000000000000000000e+00,3.650999999999999801e+01,2.859199999999999875e+01,2.300000000000000000e+01,2.300000000000000000e+01
2.974260339736938477e+02,0.000000000000000000e+00,0.000000000000000000e+00,3.655899999999999750e+01,2.834799999999999898e+01,2.300000000000000000e+01,2.300000000000000000e+01
2.985828797817230225e+02,0.000000000000000000e+00,0.000000000000000000e+00,3.670600000000000307e+01,2.854299999999999926e+01,2.300000000000000000e+01,2.300000000000000000e+01
2.997359123229980469e+02,0.000000000000000000e+00,0.000000000000000000e+00,3.670600000000000307e+01,2.839699999999999847e+01,2.300000000000000000e+01,2.300000000000000000e+01
3.009188730716705322e+02,0.000000000000000000e+00,0.000000000000000000e+00,3.665699999999999648e+01,2.829899999999999949e+01,2.300000000000000000e+01,2.300000000000000000e+01
3.020727677345275879e+02,0.000000000000000000e+00,0.000000000000000000e+00,3.665699999999999648e+01,2.854299999999999926e+01,2.300000000000000000e+01,2.300000000000000000e+01
3.032285437583923340e+02,0.000000000000000000e+00,0.000000000000000000e+00,3.670600000000000307e+01,2.844600000000000151e+01,2.300000000000000000e+01,2.300000000000000000e+01
3.043786935806274414e+02,0.000000000000000000e+00,0.000000000000000000e+00,3.665699999999999648e+01,2.854299999999999926e+01,2.300000000000000000e+01,2.300000000000000000e+01
3.055332717895507812e+02,0.000000000000000000e+00,0.000000000000000000e+00,3.660799999999999699e+01,2.854299999999999926e+01,2.300000000000000000e+01,2.300000000000000000e+01
3.067151994705200195e+02,0.000000000000000000e+00,0.000000000000000000e+00,3.660799999999999699e+01,2.854299999999999926e+01,2.300000000000000000e+01,2.300000000000000000e+01
3.078971662521362305e+02,0.000000000000000000e+00,0.000000000000000000e+00,3.675500000000000256e+01,2.854400000000000048e+01,2.300000000000000000e+01,2.300000000000000000e+01
3.090544295310974121e+02,1.000000000000000000e+02,0.000000000000000000e+00,3.660799999999999699e+01,2.854299999999999926e+01,2.300000000000000000e+01,2.300000000000000000e+01
3.102268371582031250e+02,0.000000000000000000e+00,0.000000000000000000e+00,3.680400000000000205e+01,2.878800000000000026e+01,2.300000000000000000e+01,2.300000000000000000e+01
3.113831660747528076e+02,0.000000000000000000e+00,0.000000000000000000e+00,3.670600000000000307e+01,2.834799999999999898e+01,2.300000000000000000e+01,2.300000000000000000e+01
3.125509250164031982e+02,0.000000000000000000e+00,0.000000000000000000e+00,3.660799999999999699e+01,2.878800000000000026e+01,2.300000000000000000e+01,2.300000000000000000e+01
3.137236003875732422e+02,0.000000000000000000e+00,0.000000000000000000e+00,3.660799999999999699e+01,2.869000000000000128e+01,2.300000000000000000e+01,2.300000000000000000e+01
3.148870251178741455e+02,0.000000000000000000e+00,0.000000000000000000e+00,3.665699999999999648e+01,2.869000000000000128e+01,2.300000000000000000e+01,2.300000000000000000e+01
3.160312829017639160e+02,0.000000000000000000e+00,0.000000000000000000e+00,3.660799999999999699e+01,2.854299999999999926e+01,2.300000000000000000e+01,2.300000000000000000e+01
3.171842989921569824e+02,0.000000000000000000e+00,0.000000000000000000e+00,3.665699999999999648e+01,2.864099999999999824e+01,2.300000000000000000e+01,2.300000000000000000e+01
3.183351936340332031e+02,0.000000000000000000e+00,0.000000000000000000e+00,3.655899999999999750e+01,2.849500000000000099e+01,2.300000000000000000e+01,2.300000000000000000e+01
3.194814748764038086e+02,0.000000000000000000e+00,0.000000000000000000e+00,3.655899999999999750e+01,2.864099999999999824e+01,2.300000000000000000e+01,2.300000000000000000e+01
3.206304128170013428e+02,0.000000000000000000e+00,0.000000000000000000e+00,3.655899999999999750e+01,2.869000000000000128e+01,2.300000000000000000e+01,2.300000000000000000e+01
3.217853214740753174e+02,0.000000000000000000e+00,0.000000000000000000e+00,3.646099999999999852e+01,2.859199999999999875e+01,2.300000000000000000e+01,2.300000000000000000e+01
3.229663939476013184e+02,1.000000000000000000e+02,0.000000000000000000e+00,3.626599999999999824e+01,2.869000000000000128e+01,2.300000000000000000e+01,2.300000000000000000e+01
3.241578273773193359e+02,0.000000000000000000e+00,0.000000000000000000e+00,3.650999999999999801e+01,2.873900000000000077e+01,2.300000000000000000e+01,2.300000000000000000e+01
3.253054602146148682e+02,1.000000000000000000e+02,0.000000000000000000e+00,3.631499999999999773e+01,2.849500000000000099e+01,2.300000000000000000e+01,2.300000000000000000e+01
3.264723956584930420e+02,0.000000000000000000e+00,0.000000000000000000e+00,3.646099999999999852e+01,2.869000000000000128e+01,2.300000000000000000e+01,2.300000000000000000e+01
3.276496706008911133e+02,0.000000000000000000e+00,0.000000000000000000e+00,3.641299999999999670e+01,2.854299999999999926e+01,2.300000000000000000e+01,2.300000000000000000e+01
3.288154172897338867e+02,0.000000000000000000e+00,0.000000000000000000e+00,3.646099999999999852e+01,2.864099999999999824e+01,2.300000000000000000e+01,2.300000000000000000e+01
3.299779117107391357e+02,0.000000000000000000e+00,0.000000000000000000e+00,3.636399999999999721e+01,2.859199999999999875e+01,2.300000000000000000e+01,2.300000000000000000e+01
3.311292321681976318e+02,0.000000000000000000e+00,0.000000000000000000e+00,3.626599999999999824e+01,2.859199999999999875e+01,2.300000000000000000e+01,2.300000000000000000e+01
3.322773561477661133e+02,0.000000000000000000e+00,0.000000000000000000e+00,3.631499999999999773e+01,2.859199999999999875e+01,2.300000000000000000e+01,2.300000000000000000e+01
3.334243381023406982e+02,0.000000000000000000e+00,0.000000000000000000e+00,3.626599999999999824e+01,2.869000000000000128e+01,2.300000000000000000e+01,2.300000000000000000e+01
3.345809054374694824e+02,0.000000000000000000e+00,0.000000000000000000e+00,3.621699999999999875e+01,2.883699999999999974e+01,2.300000000000000000e+01,2.300000000000000000e+01
3.357565326690673828e+02,0.000000000000000000e+00,0.000000000000000000e+00,3.621699999999999875e+01,2.869000000000000128e+01,2.300000000000000000e+01,2.300000000000000000e+01
3.369449765682220459e+02,0.000000000000000000e+00,0.000000000000000000e+00,3.626599999999999824e+01,2.873900000000000077e+01,2.300000000000000000e+01,2.300000000000000000e+01
3.381216754913330078e+02,0.000000000000000000e+00,0.000000000000000000e+00,3.621699999999999875e+01,2.869000000000000128e+01,2.300000000000000000e+01,2.300000000000000000e+01
3.393257107734680176e+02,0.000000000000000000e+00,0.000000000000000000e+00,3.621699999999999875e+01,2.854299999999999926e+01,2.300000000000000000e+01,2.300000000000000000e+01
3.404842784404754639e+02,0.000000000000000000e+00,0.000000000000000000e+00,3.621699999999999875e+01,2.859199999999999875e+01,2.300000000000000000e+01,2.300000000000000000e+01
3.416534397602081299e+02,0.000000000000000000e+00,0.000000000000000000e+00,3.621699999999999875e+01,2.878800000000000026e+01,2.300000000000000000e+01,2.300000000000000000e+01
3.428246040344238281e+02,0.000000000000000000e+00,0.000000000000000000e+00,3.631499999999999773e+01,2.883699999999999974e+01,2.300000000000000000e+01,2.300000000000000000e+01
3.439956774711608887e+02,0.000000000000000000e+00,0.000000000000000000e+00,3.621699999999999875e+01,2.873900000000000077e+01,2.300000000000000000e+01,2.300000000000000000e+01
3.451656923294067383e+02,0.000000000000000000e+00,0.000000000000000000e+00,3.621699999999999875e+01,2.864099999999999824e+01,2.300000000000000000e+01,2.300000000000000000e+01
3.463154492378234863e+02,0.000000000000000000e+00,0.000000000000000000e+00,3.621699999999999875e+01,2.864099999999999824e+01,2.300000000000000000e+01,2.300000000000000000e+01
3.474671132564544678e+02,1.000000000000000000e+02,0.000000000000000000e+00,3.616799999999999926e+01,2.878800000000000026e+01,2.300000000000000000e+01,2.300000000000000000e+01
3.486225430965423584e+02,1.000000000000000000e+02,0.000000000000000000e+00,3.621699999999999875e+01,2.898300000000000054e+01,2.300000000000000000e+01,2.300000000000000000e+01
3.497739379405975342e+02,1.000000000000000000e+02,0.000000000000000000e+00,3.616799999999999926e+01,2.878800000000000026e+01,2.300000000000000000e+01,2.300000000000000000e+01
3.509425854682922363e+02,1.000000000000000000e+02,0.000000000000000000e+00,3.616799999999999926e+01,2.873900000000000077e+01,2.300000000000000000e+01,2.300000000000000000e+01
3.520993213653564453e+02,1.000000000000000000e+02,0.000000000000000000e+00,3.621699999999999875e+01,2.878800000000000026e+01,2.300000000000000000e+01,2.300000000000000000e+01
3.532851645946502686e+02,1.000000000000000000e+02,0.000000000000000000e+00,3.616799999999999926e+01,2.888599999999999923e+01,2.300000000000000000e+01,2.300000000000000000e+01
3.544593760967254639e+02,1.000000000000000000e+02,0.000000000000000000e+00,3.611899999999999977e+01,2.878800000000000026e+01,2.300000000000000000e+01,2.300000000000000000e+01
3.556321294307708740e+02,1.000000000000000000e+02,0.000000000000000000e+00,3.616799999999999926e+01,2.888599999999999923e+01,2.300000000000000000e+01,2.300000000000000000e+01
3.567909414768218994e+02,1.000000000000000000e+02,0.000000000000000000e+00,3.621699999999999875e+01,2.869000000000000128e+01,2.300000000000000000e+01,2.300000000000000000e+01
3.579907033443450928e+02,1.000000000000000000e+02,0.000000000000000000e+00,3.616799999999999926e+01,2.893499999999999872e+01,2.300000000000000000e+01,2.300000000000000000e+01
3.591653203964233398e+02,1.000000000000000000e+02,0.000000000000000000e+00,3.616799999999999926e+01,2.908099999999999952e+01,2.300000000000000000e+01,2.300000000000000000e+01
3.603180551528930664e+02,1.000000000000000000e+02,0.000000000000000000e+00,3.611899999999999977e+01,2.908099999999999952e+01,2.300000000000000000e+01,2.300000000000000000e+01
3.615047438144683838e+02,1.000000000000000000e+02,0.000000000000000000e+00,3.602199999999999847e+01,2.908099999999999952e+01,2.300000000000000000e+01,2.300000000000000000e+01
3.627476739883422852e+02,1.000000000000000000e+02,0.000000000000000000e+00,3.616799999999999926e+01,2.912999999999999901e+01,2.300000000000000000e+01,2.300000000000000000e+01
3.639581050872802734e+02,1.000000000000000000e+02,0.000000000000000000e+00,3.621699999999999875e+01,2.898300000000000054e+01,2.300000000000000000e+01,2.300000000000000000e+01
3.651110889911651611e+02,1.000000000000000000e+02,0.000000000000000000e+00,3.616799999999999926e+01,2.893499999999999872e+01,2.300000000000000000e+01,2.300000000000000000e+01
3.662659757137298584e+02,1.000000000000000000e+02,0.000000000000000000e+00,3.611899999999999977e+01,2.893499999999999872e+01,2.300000000000000000e+01,2.300000000000000000e+01
3.674384818077087402e+02,1.000000000000000000e+02,0.000000000000000000e+00,3.626599999999999824e+01,2.908099999999999952e+01,2.300000000000000000e+01,2.300000000000000000e+01
3.686015150547027588e+02,1.000000000000000000e+02,0.000000000000000000e+00,3.626599999999999824e+01,2.908099999999999952e+01,2.300000000000000000e+01,2.300000000000000000e+01
3.697982800006866455e+02,1.000000000000000000e+02,0.000000000000000000e+00,3.641299999999999670e+01,2.883699999999999974e+01,2.300000000000000000e+01,2.300000000000000000e+01
3.709838228225708008e+02,1.000000000000000000e+02,0.000000000000000000e+00,3.631499999999999773e+01,2.898300000000000054e+01,2.300000000000000000e+01,2.300000000000000000e+01
3.721834967136383057e+02,1.000000000000000000e+02,0.000000000000000000e+00,3.646099999999999852e+01,2.883699999999999974e+01,2.300000000000000000e+01,2.300000000000000000e+01
3.733670322895050049e+02,1.000000000000000000e+02,0.000000000000000000e+00,3.665699999999999648e+01,2.888599999999999923e+01,2.300000000000000000e+01,2.300000000000000000e+01
3.745215711593627930e+02,1.000000000000000000e+02,0.000000000000000000e+00,3.655899999999999750e+01,2.888599999999999923e+01,2.300000000000000000e+01,2.300000000000000000e+01
3.756885364055633545e+02,1.000000000000000000e+02,0.000000000000000000e+00,3.655899999999999750e+01,2.908099999999999952e+01,2.300000000000000000e+01,2.300000000000000000e+01
3.768633699417114258e+02,1.000000000000000000e+02,0.000000000000000000e+00,3.646099999999999852e+01,2.883699999999999974e+01,2.300000000000000000e+01,2.300000000000000000e+01
3.780627214908599854e+02,1.000000000000000000e+02,0.000000000000000000e+00,3.670600000000000307e+01,2.893499999999999872e+01,2.300000000000000000e+01,2.300000000000000000e+01
3.792321557998657227e+02,1.000000000000000000e+02,0.000000000000000000e+00,3.670600000000000307e+01,2.903200000000000003e+01,2.300000000000000000e+01,2.300000000000000000e+01
3.804074029922485352e+02,1.000000000000000000e+02,0.000000000000000000e+00,3.665699999999999648e+01,2.888599999999999923e+01,2.300000000000000000e+01,2.300000000000000000e+01
3.815850582122802734e+02,1.000000000000000000e+02,0.000000000000000000e+00,3.690100000000000335e+01,2.903200000000000003e+01,2.300000000000000000e+01,2.300000000000000000e+01
3.827541079521179199e+02,1.000000000000000000e+02,0.000000000000000000e+00,3.699900000000000233e+01,2.893499999999999872e+01,2.300000000000000000e+01,2.300000000000000000e+01
3.839579694271087646e+02,1.000000000000000000e+02,0.000000000000000000e+00,3.714600000000000080e+01,2.893499999999999872e+01,2.300000000000000000e+01,2.300000000000000000e+01
3.851120862960815430e+02,1.000000000000000000e+02,0.000000000000000000e+00,3.699900000000000233e+01,2.908099999999999952e+01,2.300000000000000000e+01,2.300000000000000000e+01
3.862690300941467285e+02,1.000000000000000000e+02,0.000000000000000000e+00,3.724300000000000210e+01,2.908099999999999952e+01,2.300000000000000000e+01,2.300000000000000000e+01
3.874231092929840088e+02,1.000000000000000000e+02,0.000000000000000000e+00,3.724300000000000210e+01,2.888599999999999923e+01,2.300000000000000000e+01,2.300000000000000000e+01
3.885807685852050781e+02,1.000000000000000000e+02,0.000000000000000000e+00,3.729200000000000159e+01,2.903200000000000003e+01,2.300000000000000000e+01,2.300000000000000000e+01
3.897360703945159912e+02,1.000000000000000000e+02,0.000000000000000000e+00,3.748799999999999955e+01,2.908099999999999952e+01,2.300000000000000000e+01,2.300000000000000000e+01
3.909087772369384766e+02,1.000000000000000000e+02,0.000000000000000000e+00,3.748799999999999955e+01,2.903200000000000003e+01,2.300000000000000000e+01,2.300000000000000000e+01
3.920655620098114014e+02,1.000000000000000000e+02,0.000000000000000000e+00,3.768299999999999983e+01,2.908099999999999952e+01,2.300000000000000000e+01,2.300000000000000000e+01
3.932236390113830566e+02,1.000000000000000000e+02,0.000000000000000000e+00,3.768299999999999983e+01,2.908099999999999952e+01,2.300000000000000000e+01,2.300000000000000000e+01
3.943884060382843018e+02,1.000000000000000000e+02,0.000000000000000000e+00,3.782999999999999829e+01,2.908099999999999952e+01,2.300000000000000000e+01,2.300000000000000000e+01
3.955455427169799805e+02,1.000000000000000000e+02,0.000000000000000000e+00,3.802499999999999858e+01,2.893499999999999872e+01,2.300000000000000000e+01,2.300000000000000000e+01
3.966997089385986328e+02,1.000000000000000000e+02,0.000000000000000000e+00,3.802499999999999858e+01,2.908099999999999952e+01,2.300000000000000000e+01,2.300000000000000000e+01
3.978576083183288574e+02,1.000000000000000000e+02,0.000000000000000000e+00,3.807399999999999807e+01,2.888599999999999923e+01,2.300000000000000000e+01,2.300000000000000000e+01
3.990402100086212158e+02,1.000000000000000000e+02,0.000000000000000000e+00,3.831900000000000261e+01,2.903200000000000003e+01,2.300000000000000000e+01,2.300000000000000000e+01
4.001998736858367920e+02,1.000000000000000000e+02,0.000000000000000000e+00,3.831900000000000261e+01,2.898300000000000054e+01,2.300000000000000000e+01,2.300000000000000000e+01
4.013994843959808350e+02,1.000000000000000000e+02,0.000000000000000000e+00,3.846500000000000341e+01,2.922800000000000153e+01,2.300000000000000000e+01,2.300000000000000000e+01
4.025585815906524658e+02,1.000000000000000000e+02,0.000000000000000000e+00,3.861200000000000188e+01,2.908099999999999952e+01,2.300000000000000000e+01,2.300000000000000000e+01
4.037186791896820068e+02,1.000000000000000000e+02,0.000000000000000000e+00,3.866100000000000136e+01,2.908099999999999952e+01,2.300000000000000000e+01,2.300000000000000000e+01
4.048807294368743896e+02,1.000000000000000000e+02,0.000000000000000000e+00,3.890500000000000114e+01,2.917899999999999849e+01,2.300000000000000000e+01,2.300000000000000000e+01
4.060476279258728027e+02,1.000000000000000000e+02,0.000000000000000000e+00,3.900300000000000011e+01,2.898300000000000054e+01,2.300000000000000000e+01,2.300000000000000000e+01
4.072051131725311279e+02,1.000000000000000000e+02,0.000000000000000000e+00,3.910099999999999909e+01,2.908099999999999952e+01,2.300000000000000000e+01,2.300000000000000000e+01
4.083633410930633545e+02,1.000000000000000000e+02,0.000000000000000000e+00,3.914999999999999858e+01,2.903200000000000003e+01,2.300000000000000000e+01,2.300000000000000000e+01
4.095212347507476807e+02,1.000000000000000000e+02,0.000000000000000000e+00,3.924699999999999989e+01,2.917899999999999849e+01,2.300000000000000000e+01,2.300000000000000000e+01
4.106790006160736084e+02,1.000000000000000000e+02,0.000000000000000000e+00,3.924699999999999989e+01,2.942299999999999827e+01,2.300000000000000000e+01,2.300000000000000000e+01
4.118222892284393311e+02,1.000000000000000000e+02,0.000000000000000000e+00,3.939399999999999835e+01,2.917899999999999849e+01,2.300000000000000000e+01,2.300000000000000000e+01
4.129869036674499512e+02,1.000000000000000000e+02,0.000000000000000000e+00,3.949199999999999733e+01,2.912999999999999901e+01,2.300000000000000000e+01,2.300000000000000000e+01
4.141353826522827148e+02,1.000000000000000000e+02,0.000000000000000000e+00,3.973599999999999710e+01,2.927700000000000102e+01,2.300000000000000000e+01,2.300000000000000000e+01
4.152826280593872070e+02,1.000000000000000000e+02,0.000000000000000000e+00,3.968699999999999761e+01,2.927700000000000102e+01,2.300000000000000000e+01,2.300000000000000000e+01
4.164310135841369629e+02,1.000000000000000000e+02,0.000000000000000000e+00,3.983400000000000318e+01,2.942299999999999827e+01,2.300000000000000000e+01,2.300000000000000000e+01
4.175802094936370850e+02,1.000000000000000000e+02,0.000000000000000000e+00,3.997999999999999687e+01,2.927700000000000102e+01,2.300000000000000000e+01,2.300000000000000000e+01
4.187254719734191895e+02,1.000000000000000000e+02,0.000000000000000000e+00,4.017600000000000193e+01,2.917899999999999849e+01,2.300000000000000000e+01,2.300000000000000000e+01
4.198698339462280273e+02,1.000000000000000000e+02,0.000000000000000000e+00,4.046900000000000119e+01,2.932600000000000051e+01,2.300000000000000000e+01,2.300000000000000000e+01
4.210332756042480469e+02,1.000000000000000000e+02,0.000000000000000000e+00,4.042000000000000171e+01,2.932600000000000051e+01,2.300000000000000000e+01,2.300000000000000000e+01
4.221836318969726562e+02,1.000000000000000000e+02,0.000000000000000000e+00,4.056700000000000017e+01,2.912999999999999901e+01,2.300000000000000000e+01,2.300000000000000000e+01
4.233295567035675049e+02,1.000000000000000000e+02,0.000000000000000000e+00,4.066499999999999915e+01,2.937399999999999878e+01,2.300000000000000000e+01,2.300000000000000000e+01
4.244748628139495850e+02,1.000000000000000000e+02,0.000000000000000000e+00,4.081099999999999994e+01,2.932600000000000051e+01,2.300000000000000000e+01,2.300000000000000000e+01
4.256208932399749756e+02,1.000000000000000000e+02,0.000000000000000000e+00,4.071399999999999864e+01,2.927700000000000102e+01,2.300000000000000000e+01,2.300000000000000000e+01
4.267749269008636475e+02,1.000000000000000000e+02,0.000000000000000000e+00,4.081099999999999994e+01,2.927700000000000102e+01,2.300000000000000000e+01,2.300000000000000000e+01
4.279400701522827148e+02,1.000000000000000000e+02,0.000000000000000000e+00,4.095799999999999841e+01,2.922800000000000153e+01,2.300000000000000000e+01,2.300000000000000000e+01
4.291156501770019531e+02,1.000000000000000000e+02,0.000000000000000000e+00,4.110499999999999687e+01,2.942299999999999827e+01,2.300000000000000000e+01,2.300000000000000000e+01
4.302737011909484863e+02,1.000000000000000000e+02,0.000000000000000000e+00,4.120199999999999818e+01,2.932600000000000051e+01,2.300000000000000000e+01,2.300000000000000000e+01
4.314393923282623291e+02,1.000000000000000000e+02,0.000000000000000000e+00,4.115299999999999869e+01,2.947200000000000131e+01,2.300000000000000000e+01,2.300000000000000000e+01
4.325979056358337402e+02,1.000000000000000000e+02,0.000000000000000000e+00,4.134899999999999665e+01,2.937399999999999878e+01,2.300000000000000000e+01,2.300000000000000000e+01
4.337487750053405762e+02,1.000000000000000000e+02,0.000000000000000000e+00,4.154399999999999693e+01,2.932600000000000051e+01,2.300000000000000000e+01,2.300000000000000000e+01
4.348986413478851318e+02,1.000000000000000000e+02,0.000000000000000000e+00,4.169100000000000250e+01,2.942299999999999827e+01,2.300000000000000000e+01,2.300000000000000000e+01
4.360619883537292480e+02,1.000000000000000000e+02,0.000000000000000000e+00,4.164200000000000301e+01,2.957000000000000028e+01,2.300000000000000000e+01,2.300000000000000000e+01
4.372125117778778076e+02,0.000000000000000000e+00,0.000000000000000000e+00,4.193500000000000227e+01,2.937399999999999878e+01,2.300000000000000000e+01,2.300000000000000000e+01
4.383612589836120605e+02,1.000000000000000000e+02,0.000000000000000000e+00,4.183800000000000097e+01,2.927700000000000102e+01,2.300000000000000000e+01,2.300000000000000000e+01
4.395112056732177734e+02,1.000000000000000000e+02,0.000000000000000000e+00,4.203300000000000125e+01,2.947200000000000131e+01,2.300000000000000000e+01,2.300000000000000000e+01
4.406584804058074951e+02,1.000000000000000000e+02,0.000000000000000000e+00,4.208200000000000074e+01,2.957000000000000028e+01,2.300000000000000000e+01,2.300000000000000000e+01
4.418099837303161621e+02,1.000000000000000000e+02,0.000000000000000000e+00,4.217999999999999972e+01,2.957000000000000028e+01,2.300000000000000000e+01,2.300000000000000000e+01
4.429588308334350586e+02,0.000000000000000000e+00,0.000000000000000000e+00,4.242399999999999949e+01,2.961899999999999977e+01,2.300000000000000000e+01,2.300000000000000000e+01
4.441294698715209961e+02,1.000000000000000000e+02,0.000000000000000000e+00,4.222899999999999920e+01,2.947200000000000131e+01,2.300000000000000000e+01,2.300000000000000000e+01
4.452844684123992920e+02,0.000000000000000000e+00,0.000000000000000000e+00,4.252199999999999847e+01,2.971699999999999875e+01,2.300000000000000000e+01,2.300000000000000000e+01
4.464363887310028076e+02,1.000000000000000000e+02,0.000000000000000000e+00,4.257099999999999795e+01,2.966799999999999926e+01,2.300000000000000000e+01,2.300000000000000000e+01
4.475804982185363770e+02,1.000000000000000000e+02,0.000000000000000000e+00,4.271699999999999875e+01,2.966799999999999926e+01,2.300000000000000000e+01,2.300000000000000000e+01
4.487292211055755615e+02,0.000000000000000000e+00,0.000000000000000000e+00,4.291299999999999670e+01,2.952100000000000080e+01,2.300000000000000000e+01,2.300000000000000000e+01
4.499195704460144043e+02,1.000000000000000000e+02,0.000000000000000000e+00,4.291299999999999670e+01,2.966799999999999926e+01,2.300000000000000000e+01,2.300000000000000000e+01
4.510905439853668213e+02,0.000000000000000000e+00,0.000000000000000000e+00,4.310900000000000176e+01,2.966799999999999926e+01,2.300000000000000000e+01,2.300000000000000000e+01
4.522384736537933350e+02,1.000000000000000000e+02,0.000000000000000000e+00,4.301100000000000279e+01,2.976500000000000057e+01,2.300000000000000000e+01,2.300000000000000000e+01
4.533876445293426514e+02,1.000000000000000000e+02,0.000000000000000000e+00,4.310900000000000176e+01,2.971699999999999875e+01,2.300000000000000000e+01,2.300000000000000000e+01
4.545401942729949951e+02,1.000000000000000000e+02,0.000000000000000000e+00,4.320600000000000307e+01,2.981400000000000006e+01,2.300000000000000000e+01,2.300000000000000000e+01
4.556916961669921875e+02,0.000000000000000000e+00,0.000000000000000000e+00,4.335300000000000153e+01,2.986299999999999955e+01,2.300000000000000000e+01,2.300000000000000000e+01
4.568385856151580811e+02,1.000000000000000000e+02,0.000000000000000000e+00,4.325500000000000256e+01,2.971699999999999875e+01,2.300000000000000000e+01,2.300000000000000000e+01
4.579900293350219727e+02,0.000000000000000000e+00,0.000000000000000000e+00,4.350000000000000000e+01,2.976500000000000057e+01,2.300000000000000000e+01,2.300000000000000000e+01
4.591599428653717041e+02,1.000000000000000000e+02,0.000000000000000000e+00,4.350000000000000000e+01,2.952100000000000080e+01,2.300000000000000000e+01,2.300000000000000000e+01
4.603076903820037842e+02,0.000000000000000000e+00,0.000000000000000000e+00,4.369500000000000028e+01,2.976500000000000057e+01,2.300000000000000000e+01,2.300000000000000000e+01
4.614565331935882568e+02,1.000000000000000000e+02,0.000000000000000000e+00,4.364600000000000080e+01,2.971699999999999875e+01,2.300000000000000000e+01,2.300000000000000000e+01
4.626087324619293213e+02,0.000000000000000000e+00,0.000000000000000000e+00,4.379299999999999926e+01,2.996099999999999852e+01,2.300000000000000000e+01,2.300000000000000000e+01
4.637551159858703613e+02,1.000000000000000000e+02,0.000000000000000000e+00,4.379299999999999926e+01,2.981400000000000006e+01,2.300000000000000000e+01,2.300000000000000000e+01
4.649070234298706055e+02,0.000000000000000000e+00,0.000000000000000000e+00,4.403699999999999903e+01,2.991199999999999903e+01,2.300000000000000000e+01,2.300000000000000000e+01
4.660532855987548828e+02,1.000000000000000000e+02,0.000000000000000000e+00,4.398799999999999955e+01,2.971699999999999875e+01,2.300000000000000000e+01,2.300000000000000000e+01
4.672463855743408203e+02,8.808333333333933979e+01,0.000000000000000000e+00,4.403699999999999903e+01,2.991199999999999903e+01,2.300000000000000000e+01,2.300000000000000000e+01
4.683961200714111328e+02,0.000000000000000000e+00,0.000000000000000000e+00,4.428199999999999648e+01,2.981400000000000006e+01,2.300000000000000000e+01,2.300000000000000000e+01
4.695461361408233643e+02,1.000000000000000000e+02,0.000000000000000000e+00,4.403699999999999903e+01,2.986299999999999955e+01,2.300000000000000000e+01,2.300000000000000000e+01
4.706970813274383545e+02,0.000000000000000000e+00,0.000000000000000000e+00,4.428199999999999648e+01,3.005900000000000105e+01,2.300000000000000000e+01,2.300000000000000000e+01
4.718488876819610596e+02,1.000000000000000000e+02,0.000000000000000000e+00,4.408599999999999852e+01,2.986299999999999955e+01,2.300000000000000000e+01,2.300000000000000000e+01
4.729973647594451904e+02,0.000000000000000000e+00,0.000000000000000000e+00,4.452600000000000335e+01,2.991199999999999903e+01,2.300000000000000000e+01,2.300000000000000000e+01
4.741672070026397705e+02,1.000000000000000000e+02,0.000000000000000000e+00,4.432999999999999829e+01,3.015599999999999881e+01,2.300000000000000000e+01,2.300000000000000000e+01
4.753152885437011719e+02,0.000000000000000000e+00,0.000000000000000000e+00,4.452600000000000335e+01,3.005900000000000105e+01,2.300000000000000000e+01,2.300000000000000000e+01
4.764639575481414795e+02,1.000000000000000000e+02,0.000000000000000000e+00,4.437899999999999778e+01,2.981400000000000006e+01,2.300000000000000000e+01,2.300000000000000000e+01
4.776132893562316895e+02,0.000000000000000000e+00,0.000000000000000000e+00,4.457500000000000284e+01,3.020499999999999829e+01,2.300000000000000000e+01,2.300000000000000000e+01
4.787632684707641602e+02,1.000000000000000000e+02,0.000000000000000000e+00,4.452600000000000335e+01,3.005900000000000105e+01,2.300000000000000000e+01,2.300000000000000000e+01
4.799213821887969971e+02,0.000000000000000000e+00,0.000000000000000000e+00,4.477000000000000313e+01,3.035200000000000031e+01,2.300000000000000000e+01,2.300000000000000000e+01
4.810737345218658447e+02,1.000000000000000000e+02,0.000000000000000000e+00,4.462400000000000233e+01,2.986299999999999955e+01,2.300000000000000000e+01,2.300000000000000000e+01
4.822572994232177734e+02,0.000000000000000000e+00,0.000000000000000000e+00,4.486800000000000210e+01,3.030300000000000082e+01,2.300000000000000000e+01,2.300000000000000000e+01
4.834107220172882080e+02,1.000000000000000000e+02,0.000000000000000000e+00,4.481900000000000261e+01,3.025400000000000134e+01,2.300000000000000000e+01,2.300000000000000000e+01
4.845664112567901611e+02,0.000000000000000000e+00,0.000000000000000000e+00,4.496600000000000108e+01,3.030300000000000082e+01,2.300000000000000000e+01,2.300000000000000000e+01
4.857179749011993408e+02,1.000000000000000000e+02,0.000000000000000000e+00,4.481900000000000261e+01,3.030300000000000082e+01,2.300000000000000000e+01,2.300000000000000000e+01
4.868719170093536377e+02,0.000000000000000000e+00,0.000000000000000000e+00,4.496600000000000108e+01,3.015599999999999881e+01,2.300000000000000000e+01,2.300000000000000000e+01
4.880201373100280762e+02,0.000000000000000000e+00,0.000000000000000000e+00,4.496600000000000108e+01,3.030300000000000082e+01,2.300000000000000000e+01,2.300000000000000000e+01
4.891992170810699463e+02,1.000000000000000000e+02,0.000000000000000000e+00,4.481900000000000261e+01,3.020499999999999829e+01,2.300000000000000000e+01,2.300000000000000000e+01
4.903589761257171631e+02,0.000000000000000000e+00,0.000000000000000000e+00,4.501500000000000057e+01,3.035200000000000031e+01,2.300000000000000000e+01,2.300000000000000000e+01
4.915120558738708496e+02,1.000000000000000000e+02,0.000000000000000000e+00,4.486800000000000210e+01,3.015599999999999881e+01,2.300000000000000000e+01,2.300000000000000000e+01
4.926637406349182129e+02,0.000000000000000000e+00,0.000000000000000000e+00,4.496600000000000108e+01,3.044999999999999929e+01,2.300000000000000000e+01,2.300000000000000000e+01
4.938568470478057861e+02,0.000000000000000000e+00,0.000000000000000000e+00,4.496600000000000108e+01,3.030300000000000082e+01,2.300000000000000000e+01,2.300000000000000000e+01
4.950102369785308838e+02,0.000000000000000000e+00,0.000000000000000000e+00,4.496600000000000108e+01,3.025400000000000134e+01,2.300000000000000000e+01,2.300000000000000000e+01
4.961794276237487793e+02,0.000000000000000000e+00,0.000000000000000000e+00,4.496600000000000108e+01,3.020499999999999829e+01,2.300000000000000000e+01,2.300000000000000000e+01
4.973317480087280273e+02,0.000000000000000000e+00,0.000000000000000000e+00,4.496600000000000108e+01,3.035200000000000031e+01,2.300000000000000000e+01,2.300000000000000000e+01
4.984858334064483643e+02,0.000000000000000000e+00,0.000000000000000000e+00,4.496600000000000108e+01,3.035200000000000031e+01,2.300000000000000000e+01,2.300000000000000000e+01
4.996362271308898926e+02,0.000000000000000000e+00,0.000000000000000000e+00,4.496600000000000108e+01,3.020499999999999829e+01,2.300000000000000000e+01,2.300000000000000000e+01
5.007941429615020752e+02,0.000000000000000000e+00,0.000000000000000000e+00,4.501500000000000057e+01,3.025400000000000134e+01,2.300000000000000000e+01,2.300000000000000000e+01
5.019473774433135986e+02,0.000000000000000000e+00,0.000000000000000000e+00,4.506400000000000006e+01,3.030300000000000082e+01,2.300000000000000000e+01,2.300000000000000000e+01
5.031028156280517578e+02,0.000000000000000000e+00,0.000000000000000000e+00,4.506400000000000006e+01,3.030300000000000082e+01,2.300000000000000000e+01,2.300000000000000000e+01
5.042937757968902588e+02,1.000000000000000000e+02,0.000000000000000000e+00,4.501500000000000057e+01,3.035200000000000031e+01,2.300000000000000000e+01,2.300000000000000000e+01
5.054453287124633789e+02,0.000000000000000000e+00,0.000000000000000000e+00,4.540599999999999881e+01,3.044999999999999929e+01,2.300000000000000000e+01,2.300000000000000000e+01
5.066000885963439941e+02,1.000000000000000000e+02,0.000000000000000000e+00,4.511200000000000188e+01,3.030300000000000082e+01,2.300000000000000000e+01,2.300000000000000000e+01
5.077584142684936523e+02,0.000000000000000000e+00,0.000000000000000000e+00,4.525900000000000034e+01,3.054700000000000060e+01,2.300000000000000000e+01,2.300000000000000000e+01
5.089126689434051514e+02,1.000000000000000000e+02,0.000000000000000000e+00,4.516100000000000136e+01,3.054700000000000060e+01,2.300000000000000000e+01,2.300000000000000000e+01
5.100638620853424072e+02,0.000000000000000000e+00,0.000000000000000000e+00,4.530799999999999983e+01,3.059600000000000009e+01,2.300000000000000000e+01,2.300000000000000000e+01
5.112464394569396973e+02,1.000000000000000000e+02,0.000000000000000000e+00,4.501500000000000057e+01,3.044999999999999929e+01,2.300000000000000000e+01,2.300000000000000000e+01
5.124045724868774414e+02,0.000000000000000000e+00,0.000000000000000000e+00,4.506400000000000006e+01,3.069399999999999906e+01,2.300000000000000000e+01,2.300000000000000000e+01
5.135533938407897949e+02,1.000000000000000000e+02,0.000000000000000000e+00,4.491700000000000159e+01,3.049899999999999878e+01,2.300000000000000000e+01,2.300000000000000000e+01
5.147077608108520508e+02,0.000000000000000000e+00,0.000000000000000000e+00,4.496600000000000108e+01,3.069399999999999906e+01,2.300000000000000000e+01,2.300000000000000000e+01
5.158616471290588379e+02,1.000000000000000000e+02,0.000000000000000000e+00,4.491700000000000159e+01,3.064499999999999957e+01,2.300000000000000000e+01,2.300000000000000000e+01
5.170177893638610840e+02,0.000000000000000000e+00,0.000000000000000000e+00,4.491700000000000159e+01,3.089000000000000057e+01,2.300000000000000000e+01,2.300000000000000000e+01
5.181723642349243164e+02,0.000000000000000000e+00,0.000000000000000000e+00,4.491700000000000159e+01,3.074299999999999855e+01,2.300000000000000000e+01,2.300000000000000000e+01
5.193551189899444580e+02,1.000000000000000000e+02,0.000000000000000000e+00,4.486800000000000210e+01,3.074299999999999855e+01,2.300000000000000000e+01,2.300000000000000000e+01
5.205061099529266357e+02,0.000000000000000000e+00,0.000000000000000000e+00,4.496600000000000108e+01,3.093799999999999883e+01,2.300000000000000000e+01,2.300000000000000000e+01
5.216650116443634033e+02,1.000000000000000000e+02,0.000000000000000000e+00,4.477000000000000313e+01,3.064499999999999957e+01,2.300000000000000000e+01,2.300000000000000000e+01
5.228175408840179443e+02,0.000000000000000000e+00,0.000000000000000000e+00,4.491700000000000159e+01,3.093799999999999883e+01,2.300000000000000000e+01,2.300000000000000000e+01
5.239719607830047607e+02,1.000000000000000000e+02,0.000000000000000000e+00,4.481900000000000261e+01,3.074299999999999855e+01,2.300000000000000000e+01,2.300000000000000000e+01
5.251274738311767578e+02,0.000000000000000000e+00,0.000000000000000000e+00,4.496600000000000108e+01,3.074299999999999855e+01,2.300000000000000000e+01,2.300000000000000000e+01
5.263221380710601807e+02,1.000000000000000000e+02,0.000000000000000000e+00,4.486800000000000210e+01,3.098699999999999832e+01,2.300000000000000000e+01,2.300000000000000000e+01
5.274750778675079346e+02,0.000000000000000000e+00,0.000000000000000000e+00,4.501500000000000057e+01,3.093799999999999883e+01,2.300000000000000000e+01,2.300000000000000000e+01
5.286322162151336670e+02,1.000000000000000000e+02,0.000000000000000000e+00,4.486800000000000210e+01,3.089000000000000057e+01,2.300000000000000000e+01,2.300000000000000000e+01
5.297859930992126465e+02,0.000000000000000000e+00,0.000000000000000000e+00,4.501500000000000057e+01,3.093799999999999883e+01,2.300000000000000000e+01,2.300000000000000000e+01
5.309348697662353516e+02,1.000000000000000000e+02,0.000000000000000000e+00,4.486800000000000210e+01,3.064499999999999957e+01,2.300000000000000000e+01,2.300000000000000000e+01
5.320912253856658936e+02,0.000000000000000000e+00,0.000000000000000000e+00,4.491700000000000159e+01,3.098699999999999832e+01,2.300000000000000000e+01,2.300000000000000000e+01
5.333175976276397705e+02,1.000000000000000000e+02,0.000000000000000000e+00,4.486800000000000210e+01,3.098699999999999832e+01,2.300000000000000000e+01,2.300000000000000000e+01
5.344670343399047852e+02,0.000000000000000000e+00,0.000000000000000000e+00,4.496600000000000108e+01,3.089000000000000057e+01,2.300000000000000000e+01,2.300000000000000000e+01
5.356580131053924561e+02,1.000000000000000000e+02,0.000000000000000000e+00,4.491700000000000159e+01,3.089000000000000057e+01,2.300000000000000000e+01,2.300000000000000000e+01
5.368172025680541992e+02,0.000000000000000000e+00,0.000000000000000000e+00,4.491700000000000159e+01,3.108500000000000085e+01,2.300000000000000000e+01,2.300000000000000000e+01
5.379690945148468018e+02,0.000000000000000000e+00,0.000000000000000000e+00,4.491700000000000159e+01,3.093799999999999883e+01,2.300000000000000000e+01,2.300000000000000000e+01
5.391213424205780029e+02,0.000000000000000000e+00,0.000000000000000000e+00,4.491700000000000159e+01,3.093799999999999883e+01,2.300000000000000000e+01,2.300000000000000000e+01
5.402965617179870605e+02,0.000000000000000000e+00,0.000000000000000000e+00,4.496600000000000108e+01,3.093799999999999883e+01,2.300000000000000000e+01,2.300000000000000000e+01
5.414519376754760742e+02,0.000000000000000000e+00,0.000000000000000000e+00,4.496600000000000108e+01,3.084100000000000108e+01,2.300000000000000000e+01,2.300000000000000000e+01
5.426049706935882568e+02,1.000000000000000000e+02,0.000000000000000000e+00,4.491700000000000159e+01,3.089000000000000057e+01,2.300000000000000000e+01,2.300000000000000000e+01
5.437574505805969238e+02,0.000000000000000000e+00,0.000000000000000000e+00,4.496600000000000108e+01,3.108500000000000085e+01,2.300000000000000000e+01,2.300000000000000000e+01
5.449074981212615967e+02,1.000000000000000000e+02,0.000000000000000000e+00,4.491700000000000159e+01,3.098699999999999832e+01,2.300000000000000000e+01,2.300000000000000000e+01
5.460638098716735840e+02,0.000000000000000000e+00,0.000000000000000000e+00,4.496600000000000108e+01,3.113400000000000034e+01,2.300000000000000000e+01,2.300000000000000000e+01
5.472169134616851807e+02,0.000000000000000000e+00,0.000000000000000000e+00,4.496600000000000108e+01,3.098699999999999832e+01,2.300000000000000000e+01,2.300000000000000000e+01
5.483810646533966064e+02,1.000000000000000000e+02,0.000000000000000000e+00,4.486800000000000210e+01,3.103600000000000136e+01,2.300000000000000000e+01,2.300000000000000000e+01
5.495307519435882568e+02,0.000000000000000000e+00,0.000000000000000000e+00,4.501500000000000057e+01,3.108500000000000085e+01,2.300000000000000000e+01,2.300000000000000000e+01
5.506880121231079102e+02,1.000000000000000000e+02,0.000000000000000000e+00,4.486800000000000210e+01,3.108500000000000085e+01,2.300000000000000000e+01,2.300000000000000000e+01
5.518429970741271973e+02,0.000000000000000000e+00,0.000000000000000000e+00,4.501500000000000057e+01,3.113400000000000034e+01,2.300000000000000000e+01,2.300000000000000000e+01
5.529923350811004639e+02,1.000000000000000000e+02,0.000000000000000000e+00,4.481900000000000261e+01,3.113400000000000034e+01,2.300000000000000000e+01,2.300000000000000000e+01
5.541442794799804688e+02,0.000000000000000000e+00,0.000000000000000000e+00,4.501500000000000057e+01,3.103600000000000136e+01,2.300000000000000000e+01,2.300000000000000000e+01
5.552955772876739502e+02,1.000000000000000000e+02,0.000000000000000000e+00,4.472099999999999653e+01,3.118299999999999983e+01,2.300000000000000000e+01,2.300000000000000000e+01
5.564907817840576172e+02,0.000000000000000000e+00,0.000000000000000000e+00,4.486800000000000210e+01,3.132900000000000063e+01,2.300000000000000000e+01,2.300000000000000000e+01
5.576442637443542480e+02,1.000000000000000000e+02,0.000000000000000000e+00,4.462400000000000233e+01,3.113400000000000034e+01,2.300000000000000000e+01,2.300000000000000000e+01
5.587970132827758789e+02,0.000000000000000000e+00,0.000000000000000000e+00,4.486800000000000210e+01,3.132900000000000063e+01,2.300000000000000000e+01,2.300000000000000000e+01
5.599515693187713623e+02,1.000000000000000000e+02,0.000000000000000000e+00,4.452600000000000335e+01,3.123199999999999932e+01,2.300000000000000000e+01,2.300000000000000000e+01
5.611042149066925049e+02,0.000000000000000000e+00,0.000000000000000000e+00,4.481900000000000261e+01,3.118299999999999983e+01,2.300000000000000000e+01,2.300000000000000000e+01
5.622562663555145264e+02,1.000000000000000000e+02,0.000000000000000000e+00,4.447699999999999676e+01,3.123199999999999932e+01,2.300000000000000000e+01,2.300000000000000000e+01
5.634421668052673340e+02,0.000000000000000000e+00,0.000000000000000000e+00,4.467300000000000182e+01,3.132900000000000063e+01,2.300000000000000000e+01,2.300000000000000000e+01
5.646035802364349365e+02,1.000000000000000000e+02,0.000000000000000000e+00,4.447699999999999676e+01,3.132900000000000063e+01,2.300000000000000000e+01,2.300000000000000000e+01
5.657569553852081299e+02,0.000000000000000000e+00,0.000000000000000000e+00,4.467300000000000182e+01,3.142699999999999960e+01,2.300000000000000000e+01,2.300000000000000000e+01
5.669097998142242432e+02,1.000000000000000000e+02,0.000000000000000000e+00,4.442799999999999727e+01,3.128099999999999881e+01,2.300000000000000000e+01,2.300000000000000000e+01
5.680631852149963379e+02,0.000000000000000000e+00,0.000000000000000000e+00,4.462400000000000233e+01,3.132900000000000063e+01,2.300000000000000000e+01,2.300000000000000000e+01
5.692124307155609131e+02,1.000000000000000000e+02,0.000000000000000000e+00,4.452600000000000335e+01,3.132900000000000063e+01,2.300000000000000000e+01,2.300000000000000000e+01
5.703882424831390381e+02,1.000000000000000000e+02,0.000000000000000000e+00,4.447699999999999676e+01,3.128099999999999881e+01,2.300000000000000000e+01,2.300000000000000000e+01
5.715873153209686279e+02,0.000000000000000000e+00,0.000000000000000000e+00,4.457500000000000284e+01,3.123199999999999932e+01,2.300000000000000000e+01,2.300000000000000000e+01
5.727402071952819824e+02,1.000000000000000000e+02,0.000000000000000000e+00,4.442799999999999727e+01,3.128099999999999881e+01,2.300000000000000000e+01,2.300000000000000000e+01
5.739014070034027100e+02,1.000000000000000000e+02,0.000000000000000000e+00,4.442799999999999727e+01,3.128099999999999881e+01,2.300000000000000000e+01,2.300000000000000000e+01
5.750617220401763916e+02,0.000000000000000000e+00,0.000000000000000000e+00,4.452600000000000335e+01,3.142699999999999960e+01,2.300000000000000000e+01,2.300000000000000000e+01
5.762172722816467285e+02,1.000000000000000000e+02,0.000000000000000000e+00,4.442799999999999727e+01,3.123199999999999932e+01,2.300000000000000000e+01,2.300000000000000000e+01
5.773761532306671143e+02,0.000000000000000000e+00,0.000000000000000000e+00,4.447699999999999676e+01,3.128099999999999881e+01,2.300000000000000000e+01,2.300000000000000000e+01
5.785945248603820801e+02,0.000000000000000000e+00,0.000000000000000000e+00,4.452600000000000335e+01,3.132900000000000063e+01,2.300000000000000000e+01,2.300000000000000000e+01
5.797491607666015625e+02,1.000000000000000000e+02,0.000000000000000000e+00,4.428199999999999648e+01,3.128099999999999881e+01,2.300000000000000000e+01,2.300000000000000000e+01
5.809074413776397705e+02,0.000000000000000000e+00,0.000000000000000000e+00,4.452600000000000335e+01,3.137800000000000011e+01,2.300000000000000000e+01,2.300000000000000000e+01
5.820647430419921875e+02,1.000000000000000000e+02,0.000000000000000000e+00,4.442799999999999727e+01,3.128099999999999881e+01,2.300000000000000000e+01,2.300000000000000000e+01
5.832201662063598633e+02,1.000000000000000000e+02,0.000000000000000000e+00,4.442799999999999727e+01,3.137800000000000011e+01,2.300000000000000000e+01,2.300000000000000000e+01
5.843757207393646240e+02,0.000000000000000000e+00,0.000000000000000000e+00,4.452600000000000335e+01,3.142699999999999960e+01,2.300000000000000000e+01,2.300000000000000000e+01
5.855784091949462891e+02,1.000000000000000000e+02,0.000000000000000000e+00,4.432999999999999829e+01,3.137800000000000011e+01,2.300000000000000000e+01,2.300000000000000000e+01
5.867381811141967773e+02,0.000000000000000000e+00,0.000000000000000000e+00,4.447699999999999676e+01,3.142699999999999960e+01,2.300000000000000000e+01,2.300000000000000000e+01
5.878974537849426270e+02,1.000000000000000000e+02,0.000000000000000000e+00,4.442799999999999727e+01,3.132900000000000063e+01,2.300000000000000000e+01,2.300000000000000000e+01
5.890583992004394531e+02,0.000000000000000000e+00,0.000000000000000000e+00,4.447699999999999676e+01,3.147599999999999909e+01,2.300000000000000000e+01,2.300000000000000000e+01
5.902129964828491211e+02,1.000000000000000000e+02,0.000000000000000000e+00,4.447699999999999676e+01,3.142699999999999960e+01,2.300000000000000000e+01,2.300000000000000000e+01
5.913693213462829590e+02,0.000000000000000000e+00,0.000000000000000000e+00,4.457500000000000284e+01,3.147599999999999909e+01,2.300000000000000000e+01,2.300000000000000000e+01
5.925927028656005859e+02,1.000000000000000000e+02,0.000000000000000000e+00,4.447699999999999676e+01,3.128099999999999881e+01,2.300000000000000000e+01,2.300000000000000000e+01
5.937501547336578369e+02,0.000000000000000000e+00,0.000000000000000000e+00,4.462400000000000233e+01,3.132900000000000063e+01,2.300000000000000000e+01,2.300000000000000000e+01
5.949080603122711182e+02,1.000000000000000000e+02,0.000000000000000000e+00,4.447699999999999676e+01,3.147599999999999909e+01,2.300000000000000000e+01,2.300000000000000000e+01
5.960676119327545166e+02,0.000000000000000000e+00,0.000000000000000000e+00,4.452600000000000335e+01,3.152499999999999858e+01,2.300000000000000000e+01,2.300000000000000000e+01
5.972241940498352051e+02,1.000000000000000000e+02,0.000000000000000000e+00,4.418399999999999750e+01,3.132900000000000063e+01,2.300000000000000000e+01,2.300000000000000000e+01
5.983769478797912598e+02,0.000000000000000000e+00,0.000000000000000000e+00,4.442799999999999727e+01,3.167200000000000060e+01,2.300000000000000000e+01,2.300000000000000000e+01
5.995678560733795166e+02,1.000000000000000000e+02,0.000000000000000000e+00,4.442799999999999727e+01,3.142699999999999960e+01,2.300000000000000000e+01,2.300000000000000000e+01
6.007260510921478271e+02,1.000000000000000000e+02,0.000000000000000000e+00,4.442799999999999727e+01,3.147599999999999909e+01,2.300000000000000000e+01,2.300000000000000000e+01
6.018810760974884033e+02,0.000000000000000000e+00,0.000000000000000000e+00,4.452600000000000335e+01,3.162300000000000111e+01,2.300000000000000000e+01,2.300000000000000000e+01
6.030395727157592773e+02,1.000000000000000000e+02,0.000000000000000000e+00,4.452600000000000335e+01,3.152499999999999858e+01,2.300000000000000000e+01,2.300000000000000000e+01
6.041973578929901123e+02,1.000000000000000000e+02,0.000000000000000000e+00,4.452600000000000335e+01,3.162300000000000111e+01,2.300000000000000000e+01,2.300000000000000000e+01
6.053634712696075439e+02,0.000000000000000000e+00,0.000000000000000000e+00,4.462400000000000233e+01,3.152499999999999858e+01,2.300000000000000000e+01,2.300000000000000000e+01
6.065379998683929443e+02,1.000000000000000000e+02,0.000000000000000000e+00,4.447699999999999676e+01,3.132900000000000063e+01,2.300000000000000000e+01,2.300000000000000000e+01
6.076945526599884033e+02,0.000000000000000000e+00,0.000000000000000000e+00,4.452600000000000335e+01,3.142699999999999960e+01,2.300000000000000000e+01,2.300000000000000000e+01
6.088481969833374023e+02,1.000000000000000000e+02,0.000000000000000000e+00,4.447699999999999676e+01,3.142699999999999960e+01,2.300000000000000000e+01,2.300000000000000000e+01
6.100432476997375488e+02,0.000000000000000000e+00,0.000000000000000000e+00,4.462400000000000233e+01,3.167200000000000060e+01,2.300000000000000000e+01,2.300000000000000000e+01
6.111967999935150146e+02,1.000000000000000000e+02,0.000000000000000000e+00,4.447699999999999676e+01,3.142699999999999960e+01,2.300000000000000000e+01,2.300000000000000000e+01
6.123570744991302490e+02,0.000000000000000000e+00,0.000000000000000000e+00,4.477000000000000313e+01,3.171999999999999886e+01,2.300000000000000000e+01,2.300000000000000000e+01
6.135358524322509766e+02,1.000000000000000000e+02,0.000000000000000000e+00,4.457500000000000284e+01,3.147599999999999909e+01,2.300000000000000000e+01,2.300000000000000000e+01
6.146931681632995605e+02,0.000000000000000000e+00,0.000000000000000000e+00,4.467300000000000182e+01,3.147599999999999909e+01,2.300000000000000000e+01,2.300000000000000000e+01
6.158449127674102783e+02,1.000000000000000000e+02,0.000000000000000000e+00,4.452600000000000335e+01,3.152499999999999858e+01,2.300000000000000000e+01,2.300000000000000000e+01
6.170043544769287109e+02,0.000000000000000000e+00,0.000000000000000000e+00,4.472099999999999653e+01,3.157400000000000162e+01,2.300000000000000000e+01,2.300000000000000000e+01
6.181555199623107910e+02,1.000000000000000000e+02,0.000000000000000000e+00,4.447699999999999676e+01,3.147599999999999909e+01,2.300000000000000000e+01,2.300000000000000000e+01
6.193062355518341064e+02,0.000000000000000000e+00,0.000000000000000000e+00,4.462400000000000233e+01,3.152499999999999858e+01,2.300000000000000000e+01,2.300000000000000000e+01
6.204854314327239990e+02,1.000000000000000000e+02,0.000000000000000000e+00,4.452600000000000335e+01,3.152499999999999858e+01,2.300000000000000000e+01,2.300000000000000000e+01
6.216513245105743408e+02,0.000000000000000000e+00,0.000000000000000000e+00,4.472099999999999653e+01,3.171999999999999886e+01,2.300000000000000000e+01,2.300000000000000000e+01
6.228307020664215088e+02,1.000000000000000000e+02,0.000000000000000000e+00,4.452600000000000335e+01,3.162300000000000111e+01,2.300000000000000000e+01,2.300000000000000000e+01
6.240131170749664307e+02,0.000000000000000000e+00,0.000000000000000000e+00,4.472099999999999653e+01,3.162300000000000111e+01,2.300000000000000000e+01,2.300000000000000000e+01
6.252031192779541016e+02,1.000000000000000000e+02,0.000000000000000000e+00,4.452600000000000335e+01,3.132900000000000063e+01,2.300000000000000000e+01,2.300000000000000000e+01
6.264140326976776123e+02,0.000000000000000000e+00,0.000000000000000000e+00,4.457500000000000284e+01,3.162300000000000111e+01,2.300000000000000000e+01,2.300000000000000000e+01
6.276003777980804443e+02,1.000000000000000000e+02,0.000000000000000000e+00,4.452600000000000335e+01,3.162300000000000111e+01,2.300000000000000000e+01,2.300000000000000000e+01
6.288083109855651855e+02,0.000000000000000000e+00,0.000000000000000000e+00,4.477000000000000313e+01,3.186700000000000088e+01,2.300000000000000000e+01,2.300000000000000000e+01
6.299857628345489502e+02,1.000000000000000000e+02,0.000000000000000000e+00,4.447699999999999676e+01,3.152499999999999858e+01,2.300000000000000000e+01,2.300000000000000000e+01
6.311605818271636963e+02,0.000000000000000000e+00,0.000000000000000000e+00,4.472099999999999653e+01,3.167200000000000060e+01,2.300000000000000000e+01,2.300000000000000000e+01
6.323345801830291748e+02,1.000000000000000000e+02,0.000000000000000000e+00,4.457500000000000284e+01,3.142699999999999960e+01,2.300000000000000000e+01,2.300000000000000000e+01
6.335257790088653564e+02,0.000000000000000000e+00,0.000000000000000000e+00,4.472099999999999653e+01,3.181800000000000139e+01,2.300000000000000000e+01,2.300000000000000000e+01
6.346844177246093750e+02,1.000000000000000000e+02,0.000000000000000000e+00,4.457500000000000284e+01,3.181800000000000139e+01,2.300000000000000000e+01,2.300000000000000000e+01
6.358419210910797119e+02,0.000000000000000000e+00,0.000000000000000000e+00,4.486800000000000210e+01,3.162300000000000111e+01,2.300000000000000000e+01,2.300000000000000000e+01
6.369989478588104248e+02,1.000000000000000000e+02,0.000000000000000000e+00,4.472099999999999653e+01,3.152499999999999858e+01,2.300000000000000000e+01,2.300000000000000000e+01
6.381653175354003906e+02,0.000000000000000000e+00,0.000000000000000000e+00,4.486800000000000210e+01,3.181800000000000139e+01,2.300000000000000000e+01,2.300000000000000000e+01
6.393233423233032227e+02,1.000000000000000000e+02,0.000000000000000000e+00,4.472099999999999653e+01,3.176899999999999835e+01,2.300000000000000000e+01,2.300000000000000000e+01
6.405080206394195557e+02,0.000000000000000000e+00,0.000000000000000000e+00,4.486800000000000210e+01,3.191600000000000037e+01,2.300000000000000000e+01,2.300000000000000000e+01
6.416651699542999268e+02,1.000000000000000000e+02,0.000000000000000000e+00,4.472099999999999653e+01,3.167200000000000060e+01,2.300000000000000000e+01,2.300000000000000000e+01
6.428197271823883057e+02,0.000000000000000000e+00,0.000000000000000000e+00,4.477000000000000313e+01,3.176899999999999835e+01,2.300000000000000000e+01,2.300000000000000000e+01
6.439730980396270752e+02,3.765277777777549773e+01,0.000000000000000000e+00,4.477000000000000313e+01,3.171999999999999886e+01,2.300000000000000000e+01,2.300000000000000000e+01
6.451306474208831787e+02,1.000000000000000000e+02,0.000000000000000000e+00,4.467300000000000182e+01,3.176899999999999835e+01,2.300000000000000000e+01,2.300000000000000000e+01
6.462872023582458496e+02,0.000000000000000000e+00,0.000000000000000000e+00,4.501500000000000057e+01,3.181800000000000139e+01,2.300000000000000000e+01,2.300000000000000000e+01
6.474887139797210693e+02,1.000000000000000000e+02,0.000000000000000000e+00,4.486800000000000210e+01,3.167200000000000060e+01,2.300000000000000000e+01,2.300000000000000000e+01
6.486986517906188965e+02,0.000000000000000000e+00,0.000000000000000000e+00,4.491700000000000159e+01,3.176899999999999835e+01,2.300000000000000000e+01,2.300000000000000000e+01
6.498729958534240723e+02,1.000000000000000000e+02,0.000000000000000000e+00,4.481900000000000261e+01,3.176899999999999835e+01,2.300000000000000000e+01,2.300000000000000000e+01
6.510285520553588867e+02,3.416666666664724517e+00,0.000000000000000000e+00,4.481900000000000261e+01,3.191600000000000037e+01,2.300000000000000000e+01,2.300000000000000000e+01
6.521875588893890381e+02,1.000000000000000000e+02,0.000000000000000000e+00,4.472099999999999653e+01,3.162300000000000111e+01,2.300000000000000000e+01,2.300000000000000000e+01
6.533446373939514160e+02,0.000000000000000000e+00,0.000000000000000000e+00,4.496600000000000108e+01,3.191600000000000037e+01,2.300000000000000000e+01,2.300000000000000000e+01
6.544987566471099854e+02,1.000000000000000000e+02,0.000000000000000000e+00,4.472099999999999653e+01,3.162300000000000111e+01,2.300000000000000000e+01,2.300000000000000000e+01
