Tiempo (s), Cal1 (%), Cal2 (%), Temp1 (°C), Temp2 (°C), Set1 (°C), Set2 (°C)
0.000000000000000000e+00,0.000000000000000000e+00,0.000000000000000000e+00,2.094949999999999690e+01,2.094949999999999690e+01,0.000000000000000000e+00,0.000000000000000000e+00
1.000291109085083008e+00,0.000000000000000000e+00,1.000000000000000000e+02,2.094949999999999690e+01,2.094949999999999690e+01,0.000000000000000000e+00,0.000000000000000000e+00
2.001065492630004883e+00,0.000000000000000000e+00,3.132570067892570975e+01,2.094949999999999690e+01,2.094949999999999690e+01,0.000000000000000000e+00,0.000000000000000000e+00
3.001894235610961914e+00,0.000000000000000000e+00,3.112075471321142217e+01,2.094949999999999690e+01,2.094949999999999690e+01,0.000000000000000000e+00,0.000000000000000000e+00
4.002228498458862305e+00,0.000000000000000000e+00,3.091580874749713814e+01,2.094949999999999690e+01,2.094949999999999690e+01,0.000000000000000000e+00,0.000000000000000000e+00
5.002824068069458008e+00,0.000000000000000000e+00,6.511042469769954266e-01,2.062719999999999843e+01,2.094949999999999690e+01,0.000000000000000000e+00,0.000000000000000000e+00
6.003448963165283203e+00,0.000000000000000000e+00,5.980469967941843379e+01,2.094949999999999690e+01,2.094949999999999690e+01,0.000000000000000000e+00,0.000000000000000000e+00
7.004031896591186523e+00,0.000000000000000000e+00,3.030097085035427895e+01,2.094949999999999690e+01,2.094949999999999690e+01,0.000000000000000000e+00,0.000000000000000000e+00
8.004398822784423828e+00,0.000000000000000000e+00,3.009602488463999492e+01,2.094949999999999690e+01,2.094949999999999690e+01,0.000000000000000000e+00,0.000000000000000000e+00
9.004784107208251953e+00,0.000000000000000000e+00,0.000000000000000000e+00,2.062719999999999843e+01,2.094949999999999690e+01,0.000000000000000000e+00,0.000000000000000000e+00
1.000516080856323242e+01,1.000000000000000000e+02,0.000000000000000000e+00,2.094949999999999690e+01,2.094949999999999690e+01,4.000000000000000000e+01,0.000000000000000000e+00
1.100575685501098633e+01,6.045594519339887540e+01,0.000000000000000000e+00,2.094949999999999690e+01,2.094949999999999690e+01,4.000000000000000000e+01,0.000000000000000000e+00
1.200648069381713867e+01,6.083314509339887621e+01,0.000000000000000000e+00,2.094949999999999690e+01,2.094949999999999690e+01,4.000000000000000000e+01,0.000000000000000000e+00
1.300704836845397949e+01,6.173062760094310875e+01,0.000000000000000000e+00,2.094949999999999690e+01,2.127179999999999893e+01,4.000000000000000000e+01,0.000000000000000000e+00
1.400755167007446289e+01,6.109025533139887898e+01,0.000000000000000000e+00,2.094949999999999690e+01,2.094949999999999690e+01,4.000000000000000000e+01,0.000000000000000000e+00
1.500799846649169922e+01,2.316038253594285123e+01,0.000000000000000000e+00,2.127179999999999893e+01,2.127179999999999893e+01,4.000000000000000000e+01,0.000000000000000000e+00
1.600841546058654785e+01,6.136303595894310092e+01,0.000000000000000000e+00,2.127179999999999893e+01,2.127179999999999893e+01,4.000000000000000000e+01,0.000000000000000000e+00
1.700869989395141602e+01,6.173385431894310216e+01,0.000000000000000000e+00,2.127179999999999893e+01,2.127179999999999893e+01,4.000000000000000000e+01,0.000000000000000000e+00
1.800893545150756836e+01,6.210467267894310339e+01,0.000000000000000000e+00,2.127179999999999893e+01,2.127179999999999893e+01,4.000000000000000000e+01,0.000000000000000000e+00
1.900934791564941406e+01,6.247549103894310463e+01,0.000000000000000000e+00,2.127179999999999893e+01,2.127179999999999893e+01,4.000000000000000000e+01,0.000000000000000000e+00
2.000960540771484375e+01,6.284630939894310586e+01,0.000000000000000000e+00,2.127179999999999893e+01,2.127179999999999893e+01,4.000000000000000000e+01,0.000000000000000000e+00
2.100982403755187988e+01,2.389248289394327784e+01,0.000000000000000000e+00,2.159409999999999741e+01,2.127179999999999893e+01,4.000000000000000000e+01,0.000000000000000000e+00
2.201021838188171387e+01,2.326139947394284846e+01,0.000000000000000000e+00,2.191639999999999944e+01,2.127179999999999893e+01,4.000000000000000000e+01,0.000000000000000000e+00
2.301045703887939453e+01,6.194857937894310140e+01,0.000000000000000000e+00,2.191639999999999944e+01,2.127179999999999893e+01,4.000000000000000000e+01,0.000000000000000000e+00
2.401070261001586914e+01,6.230663465894309638e+01,0.000000000000000000e+00,2.191639999999999944e+01,2.127179999999999893e+01,4.000000000000000000e+01,0.000000000000000000e+00
2.501121258735656738e+01,2.334004507394327632e+01,0.000000000000000000e+00,2.223869999999999791e+01,2.127179999999999893e+01,4.000000000000000000e+01,0.000000000000000000e+00
2.601137447357177734e+01,6.202084343894310337e+01,0.000000000000000000e+00,2.223869999999999791e+01,2.127179999999999893e+01,4.000000000000000000e+01,0.000000000000000000e+00
2.701154375076293945e+01,6.237251717894309877e+01,0.000000000000000000e+00,2.223869999999999791e+01,2.127179999999999893e+01,4.000000000000000000e+01,0.000000000000000000e+00
2.801202249526977539e+01,2.339954605394284570e+01,0.000000000000000000e+00,2.256099999999999994e+01,2.127179999999999893e+01,4.000000000000000000e+01,0.000000000000000000e+00
2.901227641105651855e+01,6.207396287894309950e+01,0.000000000000000000e+00,2.256099999999999994e+01,2.127179999999999893e+01,4.000000000000000000e+01,0.000000000000000000e+00
3.001291251182556152e+01,2.309461021394327318e+01,0.000000000000000000e+00,2.288329999999999842e+01,2.127179999999999893e+01,4.000000000000000000e+01,0.000000000000000000e+00
3.101318597793579102e+01,6.176264549894310107e+01,0.000000000000000000e+00,2.288329999999999842e+01,2.127179999999999893e+01,4.000000000000000000e+01,0.000000000000000000e+00
3.201337337493896484e+01,2.277691129394328229e+01,0.000000000000000000e+00,2.320559999999999690e+01,2.127179999999999893e+01,4.000000000000000000e+01,0.000000000000000000e+00
3.301412725448608398e+01,6.195884764648733523e+01,0.000000000000000000e+00,2.320559999999999690e+01,2.159409999999999741e+01,4.000000000000000000e+01,0.000000000000000000e+00
3.401497912406921387e+01,6.179408720448733305e+01,0.000000000000000000e+00,2.320559999999999690e+01,2.159409999999999741e+01,4.000000000000000000e+01,0.000000000000000000e+00
3.501511573791503906e+01,2.280197145948707771e+01,0.000000000000000000e+00,2.352789999999999893e+01,2.159409999999999741e+01,4.000000000000000000e+01,0.000000000000000000e+00
3.601564073562622070e+01,6.145724366448732923e+01,0.000000000000000000e+00,2.352789999999999893e+01,2.159409999999999741e+01,4.000000000000000000e+01,0.000000000000000000e+00
3.701603889465332031e+01,2.245874637948750774e+01,0.000000000000000000e+00,2.385019999999999740e+01,2.159409999999999741e+01,4.000000000000000000e+01,0.000000000000000000e+00
3.801636004447937012e+01,6.110763704448733336e+01,0.000000000000000000e+00,2.385019999999999740e+01,2.159409999999999741e+01,4.000000000000000000e+01,0.000000000000000000e+00
3.901696634292602539e+01,6.142740308448733089e+01,0.000000000000000000e+00,2.385019999999999740e+01,2.159409999999999741e+01,4.000000000000000000e+01,0.000000000000000000e+00
4.001744937896728516e+01,2.242252425948707639e+01,0.000000000000000000e+00,2.417249999999999943e+01,2.159409999999999741e+01,4.000000000000000000e+01,0.000000000000000000e+00
4.101805257797241211e+01,2.174038851948751017e+01,0.000000000000000000e+00,2.449479999999999791e+01,2.159409999999999741e+01,4.000000000000000000e+01,0.000000000000000000e+00
4.201863074302673340e+01,6.037651610448732953e+01,0.000000000000000000e+00,2.449479999999999791e+01,2.159409999999999741e+01,4.000000000000000000e+01,0.000000000000000000e+00
4.301916003227233887e+01,6.068351906448732791e+01,0.000000000000000000e+00,2.449479999999999791e+01,2.159409999999999741e+01,4.000000000000000000e+01,0.000000000000000000e+00
4.401958107948303223e+01,2.166587715948750770e+01,0.000000000000000000e+00,2.481709999999999638e+01,2.159409999999999741e+01,4.000000000000000000e+01,0.000000000000000000e+00
4.501975011825561523e+01,6.029562320448733459e+01,0.000000000000000000e+00,2.481709999999999638e+01,2.159409999999999741e+01,4.000000000000000000e+01,0.000000000000000000e+00
4.602023649215698242e+01,2.127159975948708137e+01,0.000000000000000000e+00,2.513939999999999841e+01,2.159409999999999741e+01,4.000000000000000000e+01,0.000000000000000000e+00
4.702096176147460938e+01,5.989496426448732791e+01,0.000000000000000000e+00,2.513939999999999841e+01,2.159409999999999741e+01,4.000000000000000000e+01,0.000000000000000000e+00
4.802189230918884277e+01,2.086455927948751565e+01,0.000000000000000000e+00,2.546169999999999689e+01,2.159409999999999741e+01,4.000000000000000000e+01,0.000000000000000000e+00
4.902238440513610840e+01,6.000182485203156801e+01,0.000000000000000000e+00,2.546169999999999689e+01,2.191639999999999944e+01,4.000000000000000000e+01,0.000000000000000000e+00
5.002248334884643555e+01,2.046774876503130614e+01,0.000000000000000000e+00,2.578399999999999892e+01,2.191639999999999944e+01,4.000000000000000000e+01,0.000000000000000000e+00
5.102275633811950684e+01,5.907835019003154997e+01,0.000000000000000000e+00,2.578399999999999892e+01,2.191639999999999944e+01,4.000000000000000000e+01,0.000000000000000000e+00
5.202336025238037109e+01,5.935982699003155005e+01,0.000000000000000000e+00,2.578399999999999892e+01,2.191639999999999944e+01,4.000000000000000000e+01,0.000000000000000000e+00
5.302423882484436035e+01,2.031665892503174220e+01,0.000000000000000000e+00,2.610629999999999740e+01,2.191639999999999944e+01,4.000000000000000000e+01,0.000000000000000000e+00
5.402484059333801270e+01,5.892087881003156014e+01,0.000000000000000000e+00,2.610629999999999740e+01,2.191639999999999944e+01,4.000000000000000000e+01,0.000000000000000000e+00
5.502511453628540039e+01,1.987132920503131217e+01,0.000000000000000000e+00,2.642859999999999943e+01,2.191639999999999944e+01,4.000000000000000000e+01,0.000000000000000000e+00
5.602574992179870605e+01,5.846916755003155686e+01,0.000000000000000000e+00,2.642859999999999943e+01,2.191639999999999944e+01,4.000000000000000000e+01,0.000000000000000000e+00
5.702627086639404297e+01,1.941323640503174275e+01,0.000000000000000000e+00,2.675089999999999790e+01,2.191639999999999944e+01,4.000000000000000000e+01,0.000000000000000000e+00
5.802672743797302246e+01,5.800469321003156153e+01,0.000000000000000000e+00,2.675089999999999790e+01,2.191639999999999944e+01,4.000000000000000000e+01,0.000000000000000000e+00
5.902719449996948242e+01,1.894238052503174075e+01,0.000000000000000000e+00,2.707319999999999638e+01,2.191639999999999944e+01,4.000000000000000000e+01,0.000000000000000000e+00
6.002772402763366699e+01,5.752745579003155996e+01,0.000000000000000000e+00,2.707319999999999638e+01,2.191639999999999944e+01,4.000000000000000000e+01,0.000000000000000000e+00
6.102822852134704590e+01,5.830368903757579346e+01,0.000000000000000000e+00,2.707319999999999638e+01,2.223869999999999791e+01,4.000000000000000000e+01,0.000000000000000000e+00
6.202909564971923828e+01,5.754206750803156467e+01,0.000000000000000000e+00,2.707319999999999638e+01,2.191639999999999944e+01,4.000000000000000000e+01,0.000000000000000000e+00
6.302959108352661133e+01,1.897066284503130973e+01,0.000000000000000000e+00,2.739549999999999841e+01,2.191639999999999944e+01,4.000000000000000000e+01,0.000000000000000000e+00
6.402981352806091309e+01,1.874499431257596527e+01,0.000000000000000000e+00,2.771779999999999688e+01,2.223869999999999791e+01,4.000000000000000000e+01,0.000000000000000000e+00
6.503046369552612305e+01,5.629973432803156896e+01,0.000000000000000000e+00,2.771779999999999688e+01,2.191639999999999944e+01,4.000000000000000000e+01,0.000000000000000000e+00
6.603114128112792969e+01,5.704021145003156334e+01,0.000000000000000000e+00,2.771779999999999688e+01,2.191639999999999944e+01,4.000000000000000000e+01,0.000000000000000000e+00
6.703167986869812012e+01,1.847903675257552791e+01,0.000000000000000000e+00,2.804009999999999891e+01,2.223869999999999791e+01,4.000000000000000000e+01,0.000000000000000000e+00
6.803244853019714355e+01,5.654767783557577587e+01,0.000000000000000000e+00,2.804009999999999891e+01,2.223869999999999791e+01,4.000000000000000000e+01,0.000000000000000000e+00
6.903271794319152832e+01,1.745983899057596744e+01,0.000000000000000000e+00,2.836239999999999739e+01,2.223869999999999791e+01,4.000000000000000000e+01,0.000000000000000000e+00
7.003296828269958496e+01,5.601938809557578480e+01,0.000000000000000000e+00,2.836239999999999739e+01,2.223869999999999791e+01,4.000000000000000000e+01,0.000000000000000000e+00
7.103331995010375977e+01,5.624981257557578829e+01,0.000000000000000000e+00,2.836239999999999739e+01,2.223869999999999791e+01,4.000000000000000000e+01,0.000000000000000000e+00
7.203366947174072266e+01,1.715559219057553975e+01,0.000000000000000000e+00,2.868469999999999942e+01,2.223869999999999791e+01,4.000000000000000000e+01,0.000000000000000000e+00
7.303430414199829102e+01,5.570875975557578386e+01,0.000000000000000000e+00,2.868469999999999942e+01,2.223869999999999791e+01,4.000000000000000000e+01,0.000000000000000000e+00
7.403488326072692871e+01,5.593280269557578066e+01,0.000000000000000000e+00,2.868469999999999942e+01,2.223869999999999791e+01,4.000000000000000000e+01,0.000000000000000000e+00
7.503531694412231445e+01,1.683220077057596598e+01,0.000000000000000000e+00,2.900699999999999790e+01,2.223869999999999791e+01,4.000000000000000000e+01,0.000000000000000000e+00
7.603579115867614746e+01,5.537898679557579129e+01,0.000000000000000000e+00,2.900699999999999790e+01,2.223869999999999791e+01,4.000000000000000000e+01,0.000000000000000000e+00
7.703601861000061035e+01,5.559664819557578852e+01,0.000000000000000000e+00,2.900699999999999790e+01,2.223869999999999791e+01,4.000000000000000000e+01,0.000000000000000000e+00
7.803664994239807129e+01,1.648966473057596716e+01,0.000000000000000000e+00,2.932929999999999637e+01,2.223869999999999791e+01,4.000000000000000000e+01,0.000000000000000000e+00
7.903683829307556152e+01,5.503006921557578579e+01,0.000000000000000000e+00,2.932929999999999637e+01,2.223869999999999791e+01,4.000000000000000000e+01,0.000000000000000000e+00
8.003719305992126465e+01,5.524134907557578344e+01,0.000000000000000000e+00,2.932929999999999637e+01,2.223869999999999791e+01,4.000000000000000000e+01,0.000000000000000000e+00
8.103766870498657227e+01,1.612798407057552907e+01,0.000000000000000000e+00,2.965159999999999840e+01,2.223869999999999791e+01,4.000000000000000000e+01,0.000000000000000000e+00
8.203801488876342773e+01,5.518228962312001329e+01,0.000000000000000000e+00,2.965159999999999840e+01,2.256099999999999994e+01,4.000000000000000000e+01,0.000000000000000000e+00
8.303834414482116699e+01,5.488989838112001252e+01,0.000000000000000000e+00,2.965159999999999840e+01,2.256099999999999994e+01,4.000000000000000000e+01,0.000000000000000000e+00
8.403851032257080078e+01,1.577015183612020088e+01,0.000000000000000000e+00,2.997389999999999688e+01,2.256099999999999994e+01,4.000000000000000000e+01,0.000000000000000000e+00
8.503894019126892090e+01,5.429779324112001859e+01,0.000000000000000000e+00,2.997389999999999688e+01,2.256099999999999994e+01,4.000000000000000000e+01,0.000000000000000000e+00
8.603968572616577148e+01,1.517166515611976685e+01,0.000000000000000000e+00,3.029619999999999891e+01,2.256099999999999994e+01,4.000000000000000000e+01,0.000000000000000000e+00
8.704042053222656250e+01,5.369292502112001131e+01,0.000000000000000000e+00,3.029619999999999891e+01,2.256099999999999994e+01,4.000000000000000000e+01,0.000000000000000000e+00
8.804081559181213379e+01,5.388506026112001024e+01,0.000000000000000000e+00,3.029619999999999891e+01,2.256099999999999994e+01,4.000000000000000000e+01,0.000000000000000000e+00
8.904131340980529785e+01,1.475255063612019946e+01,0.000000000000000000e+00,3.061849999999999739e+01,2.256099999999999994e+01,4.000000000000000000e+01,0.000000000000000000e+00
9.004151535034179688e+01,5.326742896112001091e+01,0.000000000000000000e+00,3.061849999999999739e+01,2.256099999999999994e+01,4.000000000000000000e+01,0.000000000000000000e+00
9.104198408126831055e+01,5.345318266112001027e+01,0.000000000000000000e+00,3.061849999999999739e+01,2.256099999999999994e+01,4.000000000000000000e+01,0.000000000000000000e+00
9.204295158386230469e+01,1.431429149612019991e+01,0.000000000000000000e+00,3.094079999999999586e+01,2.256099999999999994e+01,4.000000000000000000e+01,0.000000000000000000e+00
9.304377698898315430e+01,5.282278828112001889e+01,0.000000000000000000e+00,3.094079999999999586e+01,2.256099999999999994e+01,4.000000000000000000e+01,0.000000000000000000e+00
9.404423785209655762e+01,5.300216044112001157e+01,0.000000000000000000e+00,3.094079999999999586e+01,2.256099999999999994e+01,4.000000000000000000e+01,0.000000000000000000e+00
9.504435253143310547e+01,5.318153260112001135e+01,0.000000000000000000e+00,3.094079999999999586e+01,2.256099999999999994e+01,4.000000000000000000e+01,0.000000000000000000e+00
9.604461097717285156e+01,1.403625989611976088e+01,0.000000000000000000e+00,3.126309999999999789e+01,2.256099999999999994e+01,4.000000000000000000e+01,0.000000000000000000e+00
9.704505157470703125e+01,5.253837514112000662e+01,0.000000000000000000e+00,3.126309999999999789e+01,2.256099999999999994e+01,4.000000000000000000e+01,0.000000000000000000e+00
9.804544401168823242e+01,5.323164836866423855e+01,0.000000000000000000e+00,3.126309999999999789e+01,2.288329999999999842e+01,4.000000000000000000e+01,0.000000000000000000e+00
9.904588913917541504e+01,1.306242195412020024e+01,0.000000000000000000e+00,3.158539999999999637e+01,2.256099999999999994e+01,4.000000000000000000e+01,0.000000000000000000e+00
1.000460796356201172e+02,5.205544522112001715e+01,0.000000000000000000e+00,3.158539999999999637e+01,2.256099999999999994e+01,4.000000000000000000e+01,0.000000000000000000e+00
1.010463426113128662e+02,5.222205430112001778e+01,0.000000000000000000e+00,3.158539999999999637e+01,2.256099999999999994e+01,4.000000000000000000e+01,0.000000000000000000e+00
1.020468206405639648e+02,1.358430112366399456e+01,0.000000000000000000e+00,3.190769999999999840e+01,2.288329999999999842e+01,4.000000000000000000e+01,0.000000000000000000e+00
1.030472493171691895e+02,5.157636372666424762e+01,0.000000000000000000e+00,3.190769999999999840e+01,2.288329999999999842e+01,4.000000000000000000e+01,0.000000000000000000e+00
1.040477902889251709e+02,5.173659126666424868e+01,0.000000000000000000e+00,3.190769999999999840e+01,2.288329999999999842e+01,4.000000000000000000e+01,0.000000000000000000e+00
1.050483253002166748e+02,1.257217394166442759e+01,0.000000000000000000e+00,3.222999999999999687e+01,2.288329999999999842e+01,4.000000000000000000e+01,0.000000000000000000e+00
1.060486547946929932e+02,5.105514456666425360e+01,0.000000000000000000e+00,3.222999999999999687e+01,2.288329999999999842e+01,4.000000000000000000e+01,0.000000000000000000e+00
1.070488057136535645e+02,5.120899056666425508e+01,0.000000000000000000e+00,3.222999999999999687e+01,2.288329999999999842e+01,4.000000000000000000e+01,0.000000000000000000e+00
1.080489721298217773e+02,5.136283656666424946e+01,0.000000000000000000e+00,3.222999999999999687e+01,2.288329999999999842e+01,4.000000000000000000e+01,0.000000000000000000e+00
1.090493915081024170e+02,1.219203770166442879e+01,0.000000000000000000e+00,3.255229999999999535e+01,2.288329999999999842e+01,4.000000000000000000e+01,0.000000000000000000e+00
1.100496377944946289e+02,5.066862678666425523e+01,0.000000000000000000e+00,3.255229999999999535e+01,2.288329999999999842e+01,4.000000000000000000e+01,0.000000000000000000e+00
1.110499503612518311e+02,5.081609124666425714e+01,0.000000000000000000e+00,3.255229999999999535e+01,2.288329999999999842e+01,4.000000000000000000e+01,0.000000000000000000e+00
1.120501434803009033e+02,5.096355570666425194e+01,0.000000000000000000e+00,3.255229999999999535e+01,2.288329999999999842e+01,4.000000000000000000e+01,0.000000000000000000e+00
1.130506060123443604e+02,1.178637530166355774e+01,0.000000000000000000e+00,3.287460000000000093e+01,2.288329999999999842e+01,4.000000000000000000e+01,0.000000000000000000e+00
1.140511529445648193e+02,5.025658284666423015e+01,0.000000000000000000e+00,3.287460000000000093e+01,2.288329999999999842e+01,4.000000000000000000e+01,0.000000000000000000e+00
1.150514757633209229e+02,5.039766576666422537e+01,0.000000000000000000e+00,3.287460000000000093e+01,2.288329999999999842e+01,4.000000000000000000e+01,0.000000000000000000e+00
1.160519816875457764e+02,1.121410382166440556e+01,0.000000000000000000e+00,3.319689999999999941e+01,2.288329999999999842e+01,4.000000000000000000e+01,0.000000000000000000e+00
1.170524785518646240e+02,4.967792982666423995e+01,0.000000000000000000e+00,3.319689999999999941e+01,2.288329999999999842e+01,4.000000000000000000e+01,0.000000000000000000e+00
1.180531325340270996e+02,4.981263120666423561e+01,0.000000000000000000e+00,3.319689999999999941e+01,2.288329999999999842e+01,4.000000000000000000e+01,0.000000000000000000e+00
1.190532917976379395e+02,4.994733258666423836e+01,0.000000000000000000e+00,3.319689999999999941e+01,2.288329999999999842e+01,4.000000000000000000e+01,0.000000000000000000e+00
1.200543696880340576e+02,1.127767170920865247e+01,0.000000000000000000e+00,3.351919999999999789e+01,2.320559999999999690e+01,4.000000000000000000e+01,0.000000000000000000e+00
1.210546374320983887e+02,4.871754400466424784e+01,0.000000000000000000e+00,3.351919999999999789e+01,2.288329999999999842e+01,4.000000000000000000e+01,0.000000000000000000e+00
1.220549068450927734e+02,4.934315340666424277e+01,0.000000000000000000e+00,3.351919999999999789e+01,2.288329999999999842e+01,4.000000000000000000e+01,0.000000000000000000e+00
1.230554280281066895e+02,4.947147324666424595e+01,0.000000000000000000e+00,3.351919999999999789e+01,2.288329999999999842e+01,4.000000000000000000e+01,0.000000000000000000e+00
1.240562398433685303e+02,1.079543082920865338e+01,0.000000000000000000e+00,3.384149999999999636e+01,2.320559999999999690e+01,4.000000000000000000e+01,0.000000000000000000e+00
1.250567517280578613e+02,4.822892158466425627e+01,0.000000000000000000e+00,3.384149999999999636e+01,2.288329999999999842e+01,4.000000000000000000e+01,0.000000000000000000e+00
1.260571503639221191e+02,4.936843205420847625e+01,0.000000000000000000e+00,3.384149999999999636e+01,2.320559999999999690e+01,4.000000000000000000e+01,0.000000000000000000e+00
1.270578408241271973e+02,4.899308079220847389e+01,0.000000000000000000e+00,3.384149999999999636e+01,2.320559999999999690e+01,4.000000000000000000e+01,0.000000000000000000e+00
1.280584516525268555e+02,4.859473648466425288e+01,0.000000000000000000e+00,3.384149999999999636e+01,2.288329999999999842e+01,4.000000000000000000e+01,0.000000000000000000e+00
1.290588400363922119e+02,1.040960208920865249e+01,0.000000000000000000e+00,3.416379999999999484e+01,2.320559999999999690e+01,4.000000000000000000e+01,0.000000000000000000e+00
1.300591087341308594e+02,4.835699391220848042e+01,0.000000000000000000e+00,3.416379999999999484e+01,2.320559999999999690e+01,4.000000000000000000e+01,0.000000000000000000e+00
1.310592217445373535e+02,4.847255067220848446e+01,0.000000000000000000e+00,3.416379999999999484e+01,2.320559999999999690e+01,4.000000000000000000e+01,0.000000000000000000e+00
1.320594389438629150e+02,9.263462567207795928e+00,0.000000000000000000e+00,3.448610000000000042e+01,2.320559999999999690e+01,4.000000000000000000e+01,0.000000000000000000e+00
1.330596604347229004e+02,4.770176241220845981e+01,0.000000000000000000e+00,3.448610000000000042e+01,2.320559999999999690e+01,4.000000000000000000e+01,0.000000000000000000e+00
1.340600571632385254e+02,4.781093763220846427e+01,0.000000000000000000e+00,3.448610000000000042e+01,2.320559999999999690e+01,4.000000000000000000e+01,0.000000000000000000e+00
1.350604002475738525e+02,4.792011285220846162e+01,0.000000000000000000e+00,3.448610000000000042e+01,2.320559999999999690e+01,4.000000000000000000e+01,0.000000000000000000e+00
1.360605556964874268e+02,8.704643207208640376e+00,0.000000000000000000e+00,3.480839999999999890e+01,2.320559999999999690e+01,4.000000000000000000e+01,0.000000000000000000e+00
1.370608501434326172e+02,4.713656151220846624e+01,0.000000000000000000e+00,3.480839999999999890e+01,2.320559999999999690e+01,4.000000000000000000e+01,0.000000000000000000e+00
1.380616099834442139e+02,4.723935519220847112e+01,0.000000000000000000e+00,3.480839999999999890e+01,2.320559999999999690e+01,4.000000000000000000e+01,0.000000000000000000e+00
1.390621619224548340e+02,4.734214887220846890e+01,0.000000000000000000e+00,3.480839999999999890e+01,2.320559999999999690e+01,4.000000000000000000e+01,0.000000000000000000e+00
1.400641949176788330e+02,8.120297687208655191e+00,0.000000000000000000e+00,3.513069999999999737e+01,2.320559999999999690e+01,4.000000000000000000e+01,0.000000000000000000e+00
1.410645189285278320e+02,4.654583445220848148e+01,0.000000000000000000e+00,3.513069999999999737e+01,2.320559999999999690e+01,4.000000000000000000e+01,0.000000000000000000e+00
1.420653674602508545e+02,4.664224659220847968e+01,0.000000000000000000e+00,3.513069999999999737e+01,2.320559999999999690e+01,4.000000000000000000e+01,0.000000000000000000e+00
1.430655729770660400e+02,4.673865873220847789e+01,0.000000000000000000e+00,3.513069999999999737e+01,2.320559999999999690e+01,4.000000000000000000e+01,0.000000000000000000e+00
1.440657002925872803e+02,4.683507087220847609e+01,0.000000000000000000e+00,3.513069999999999737e+01,2.320559999999999690e+01,4.000000000000000000e+01,0.000000000000000000e+00
