Tiempo (s), Cal1 (%), Cal2 (%), Temp1 (°C), Temp2 (°C), Set1 (°C), Set2 (°C)
0.000000000000000000e+00,0.000000000000000000e+00,0.000000000000000000e+00,2.487800000000000011e+01,2.443799999999999883e+01,2.300000000000000000e+01,2.300000000000000000e+01
1.000438690185546875e+00,1.000000000000000000e+02,0.000000000000000000e+00,2.492699999999999960e+01,2.424200000000000088e+01,2.300000000000000000e+01,2.300000000000000000e+01
2.195689916610717773e+00,1.000000000000000000e+02,0.000000000000000000e+00,2.492699999999999960e+01,2.438899999999999935e+01,2.300000000000000000e+01,2.300000000000000000e+01
3.450839519500732422e+00,1.000000000000000000e+02,0.000000000000000000e+00,2.497599999999999909e+01,2.448699999999999832e+01,2.300000000000000000e+01,2.300000000000000000e+01
4.621424436569213867e+00,1.000000000000000000e+02,0.000000000000000000e+00,2.487800000000000011e+01,2.443799999999999883e+01,2.300000000000000000e+01,2.300000000000000000e+01
5.830989122390747070e+00,1.000000000000000000e+02,0.000000000000000000e+00,2.487800000000000011e+01,2.448699999999999832e+01,2.300000000000000000e+01,2.300000000000000000e+01
7.011408329010009766e+00,1.000000000000000000e+02,0.000000000000000000e+00,2.492699999999999960e+01,2.443799999999999883e+01,2.300000000000000000e+01,2.300000000000000000e+01
8.208285331726074219e+00,1.000000000000000000e+02,0.000000000000000000e+00,2.497599999999999909e+01,2.433999999999999986e+01,2.300000000000000000e+01,2.300000000000000000e+01
9.394695043563842773e+00,1.000000000000000000e+02,0.000000000000000000e+00,2.492699999999999960e+01,2.443799999999999883e+01,2.300000000000000000e+01,2.300000000000000000e+01
1.056217551231384277e+01,1.000000000000000000e+02,0.000000000000000000e+00,2.497599999999999909e+01,2.438899999999999935e+01,2.300000000000000000e+01,2.300000000000000000e+01
1.174068069458007812e+01,1.000000000000000000e+02,0.000000000000000000e+00,2.497599999999999909e+01,2.453600000000000136e+01,2.300000000000000000e+01,2.300000000000000000e+01
1.291594815254211426e+01,1.000000000000000000e+02,0.000000000000000000e+00,2.497599999999999909e+01,2.433999999999999986e+01,2.300000000000000000e+01,2.300000000000000000e+01
1.409650588035583496e+01,1.000000000000000000e+02,0.000000000000000000e+00,2.492699999999999960e+01,2.443799999999999883e+01,2.300000000000000000e+01,2.300000000000000000e+01
1.528416419029235840e+01,1.000000000000000000e+02,0.000000000000000000e+00,2.502400000000000091e+01,2.453600000000000136e+01,2.300000000000000000e+01,2.300000000000000000e+01
1.647280430793762207e+01,1.000000000000000000e+02,0.000000000000000000e+00,2.507300000000000040e+01,2.448699999999999832e+01,2.300000000000000000e+01,2.300000000000000000e+01
1.766628885269165039e+01,1.000000000000000000e+02,0.000000000000000000e+00,2.517099999999999937e+01,2.453600000000000136e+01,2.300000000000000000e+01,2.300000000000000000e+01
1.884407377243041992e+01,1.000000000000000000e+02,0.000000000000000000e+00,2.517099999999999937e+01,2.438899999999999935e+01,2.300000000000000000e+01,2.300000000000000000e+01
2.002868890762329102e+01,1.000000000000000000e+02,0.000000000000000000e+00,2.531800000000000139e+01,2.433999999999999986e+01,2.300000000000000000e+01,2.300000000000000000e+01
2.121797299385070801e+01,1.000000000000000000e+02,0.000000000000000000e+00,2.541499999999999915e+01,2.448699999999999832e+01,2.300000000000000000e+01,2.300000000000000000e+01
2.241561484336853027e+01,1.000000000000000000e+02,0.000000000000000000e+00,2.546399999999999864e+01,2.443799999999999883e+01,2.300000000000000000e+01,2.300000000000000000e+01
2.363457465171813965e+01,1.000000000000000000e+02,0.000000000000000000e+00,2.541499999999999915e+01,2.438899999999999935e+01,2.300000000000000000e+01,2.300000000000000000e+01
2.481166791915893555e+01,1.000000000000000000e+02,0.000000000000000000e+00,2.546399999999999864e+01,2.433999999999999986e+01,2.300000000000000000e+01,2.300000000000000000e+01
2.599815988540649414e+01,1.000000000000000000e+02,0.000000000000000000e+00,2.570899999999999963e+01,2.433999999999999986e+01,2.300000000000000000e+01,2.300000000000000000e+01
2.718547463417053223e+01,1.000000000000000000e+02,0.000000000000000000e+00,2.570899999999999963e+01,2.438899999999999935e+01,2.300000000000000000e+01,2.300000000000000000e+01
2.837044978141784668e+01,1.000000000000000000e+02,0.000000000000000000e+00,2.580600000000000094e+01,2.443799999999999883e+01,2.300000000000000000e+01,2.300000000000000000e+01
2.955237197875976562e+01,1.000000000000000000e+02,0.000000000000000000e+00,2.585500000000000043e+01,2.438899999999999935e+01,2.300000000000000000e+01,2.300000000000000000e+01
3.073746585845947266e+01,1.000000000000000000e+02,0.000000000000000000e+00,2.585500000000000043e+01,2.438899999999999935e+01,2.300000000000000000e+01,2.300000000000000000e+01
3.193063020706176758e+01,1.000000000000000000e+02,0.000000000000000000e+00,2.605099999999999838e+01,2.448699999999999832e+01,2.300000000000000000e+01,2.300000000000000000e+01
3.311661171913146973e+01,1.000000000000000000e+02,0.000000000000000000e+00,2.624599999999999866e+01,2.443799999999999883e+01,2.300000000000000000e+01,2.300000000000000000e+01
3.430323410034179688e+01,1.000000000000000000e+02,0.000000000000000000e+00,2.639300000000000068e+01,2.443799999999999883e+01,2.300000000000000000e+01,2.300000000000000000e+01
3.549870753288269043e+01,1.000000000000000000e+02,0.000000000000000000e+00,2.634400000000000119e+01,2.443799999999999883e+01,2.300000000000000000e+01,2.300000000000000000e+01
3.669602966308593750e+01,1.000000000000000000e+02,0.000000000000000000e+00,2.653999999999999915e+01,2.448699999999999832e+01,2.300000000000000000e+01,2.300000000000000000e+01
3.791675710678100586e+01,1.000000000000000000e+02,0.000000000000000000e+00,2.668599999999999994e+01,2.438899999999999935e+01,2.300000000000000000e+01,2.300000000000000000e+01
3.909870624542236328e+01,1.000000000000000000e+02,0.000000000000000000e+00,2.688200000000000145e+01,2.438899999999999935e+01,2.300000000000000000e+01,2.300000000000000000e+01
4.030598688125610352e+01,1.000000000000000000e+02,0.000000000000000000e+00,2.683299999999999841e+01,2.433999999999999986e+01,2.300000000000000000e+01,2.300000000000000000e+01
4.154579663276672363e+01,1.000000000000000000e+02,0.000000000000000000e+00,2.722400000000000020e+01,2.443799999999999883e+01,2.300000000000000000e+01,2.300000000000000000e+01
4.275409364700317383e+01,1.000000000000000000e+02,0.000000000000000000e+00,2.737000000000000099e+01,2.448699999999999832e+01,2.300000000000000000e+01,2.300000000000000000e+01
4.393471598625183105e+01,1.000000000000000000e+02,0.000000000000000000e+00,2.741900000000000048e+01,2.468199999999999861e+01,2.300000000000000000e+01,2.300000000000000000e+01
4.511628794670104980e+01,1.000000000000000000e+02,0.000000000000000000e+00,2.741900000000000048e+01,2.443799999999999883e+01,2.300000000000000000e+01,2.300000000000000000e+01
4.630318021774291992e+01,1.000000000000000000e+02,0.000000000000000000e+00,2.771300000000000097e+01,2.438899999999999935e+01,2.300000000000000000e+01,2.300000000000000000e+01
4.749445366859436035e+01,1.000000000000000000e+02,0.000000000000000000e+00,2.780999999999999872e+01,2.448699999999999832e+01,2.300000000000000000e+01,2.300000000000000000e+01
4.865288639068603516e+01,1.000000000000000000e+02,0.000000000000000000e+00,2.795700000000000074e+01,2.458500000000000085e+01,2.300000000000000000e+01,2.300000000000000000e+01
4.982132887840270996e+01,1.000000000000000000e+02,0.000000000000000000e+00,2.805499999999999972e+01,2.448699999999999832e+01,2.300000000000000000e+01,2.300000000000000000e+01
5.101141524314880371e+01,1.000000000000000000e+02,0.000000000000000000e+00,2.825000000000000000e+01,2.448699999999999832e+01,2.300000000000000000e+01,2.300000000000000000e+01
5.220371937751770020e+01,1.000000000000000000e+02,0.000000000000000000e+00,2.834799999999999898e+01,2.438899999999999935e+01,2.300000000000000000e+01,2.300000000000000000e+01
5.339903306961059570e+01,1.000000000000000000e+02,0.000000000000000000e+00,2.849500000000000099e+01,2.453600000000000136e+01,2.300000000000000000e+01,2.300000000000000000e+01
5.459397506713867188e+01,1.000000000000000000e+02,0.000000000000000000e+00,2.859199999999999875e+01,2.463299999999999912e+01,2.300000000000000000e+01,2.300000000000000000e+01
5.579183101654052734e+01,8.181139549342178441e+01,0.000000000000000000e+00,2.888599999999999923e+01,2.468199999999999861e+01,2.300000000000000000e+01,2.300000000000000000e+01
5.699037623405456543e+01,1.000000000000000000e+02,0.000000000000000000e+00,2.883699999999999974e+01,2.458500000000000085e+01,2.300000000000000000e+01,2.300000000000000000e+01
5.818649673461914062e+01,8.897466939485821058e+01,0.000000000000000000e+00,2.908099999999999952e+01,2.458500000000000085e+01,2.300000000000000000e+01,2.300000000000000000e+01
5.938360881805419922e+01,8.357275040366515384e+01,0.000000000000000000e+00,2.937399999999999878e+01,2.468199999999999861e+01,2.300000000000000000e+01,2.300000000000000000e+01
6.057190322875976562e+01,1.000000000000000000e+02,0.000000000000000000e+00,2.942299999999999827e+01,2.468199999999999861e+01,2.300000000000000000e+01,2.300000000000000000e+01
6.175951313972473145e+01,1.000000000000000000e+02,0.000000000000000000e+00,2.942299999999999827e+01,2.468199999999999861e+01,2.300000000000000000e+01,2.300000000000000000e+01
6.293878650665283203e+01,7.609568036519820566e+01,0.000000000000000000e+00,2.976500000000000057e+01,2.463299999999999912e+01,2.300000000000000000e+01,2.300000000000000000e+01
6.413221716880798340e+01,1.000000000000000000e+02,0.000000000000000000e+00,2.981400000000000006e+01,2.473100000000000165e+01,2.300000000000000000e+01,2.300000000000000000e+01
6.532551360130310059e+01,9.180861788262171785e+01,0.000000000000000000e+00,3.001000000000000156e+01,2.468199999999999861e+01,2.300000000000000000e+01,2.300000000000000000e+01
6.657782483100891113e+01,8.045296543541596179e+01,0.000000000000000000e+00,3.030300000000000082e+01,2.463299999999999912e+01,2.300000000000000000e+01,2.300000000000000000e+01
6.776506662368774414e+01,1.000000000000000000e+02,0.000000000000000000e+00,3.035200000000000031e+01,2.478000000000000114e+01,2.300000000000000000e+01,2.300000000000000000e+01
6.896581411361694336e+01,1.000000000000000000e+02,0.000000000000000000e+00,3.030300000000000082e+01,2.482900000000000063e+01,2.300000000000000000e+01,2.300000000000000000e+01
7.016101765632629395e+01,6.077277634511466431e+01,0.000000000000000000e+00,3.074299999999999855e+01,2.487800000000000011e+01,2.300000000000000000e+01,2.300000000000000000e+01
7.136455893516540527e+01,1.000000000000000000e+02,0.000000000000000000e+00,3.079200000000000159e+01,2.482900000000000063e+01,2.300000000000000000e+01,2.300000000000000000e+01
7.256766104698181152e+01,9.235492327382775102e+01,0.000000000000000000e+00,3.093799999999999883e+01,2.478000000000000114e+01,2.300000000000000000e+01,2.300000000000000000e+01
7.376380848884582520e+01,6.254765469826681112e+01,0.000000000000000000e+00,3.132900000000000063e+01,2.478000000000000114e+01,2.300000000000000000e+01,2.300000000000000000e+01
7.495989322662353516e+01,1.000000000000000000e+02,0.000000000000000000e+00,3.128099999999999881e+01,2.487800000000000011e+01,2.300000000000000000e+01,2.300000000000000000e+01
7.615858721733093262e+01,1.000000000000000000e+02,0.000000000000000000e+00,3.132900000000000063e+01,2.497599999999999909e+01,2.300000000000000000e+01,2.300000000000000000e+01
7.735722661018371582e+01,7.687094802659646575e+01,0.000000000000000000e+00,3.157400000000000162e+01,2.492699999999999960e+01,2.300000000000000000e+01,2.300000000000000000e+01
7.852978134155273438e+01,8.778842807576303642e+01,0.000000000000000000e+00,3.171999999999999886e+01,2.478000000000000114e+01,2.300000000000000000e+01,2.300000000000000000e+01
7.972550725936889648e+01,7.558861742181875343e+01,0.000000000000000000e+00,3.196499999999999986e+01,2.487800000000000011e+01,2.300000000000000000e+01,2.300000000000000000e+01
8.092705178260803223e+01,9.831842040705264196e+01,0.000000000000000000e+00,3.201400000000000290e+01,2.487800000000000011e+01,2.300000000000000000e+01,2.300000000000000000e+01
8.214073443412780762e+01,8.176185158230158834e+01,0.000000000000000000e+00,3.220900000000000318e+01,2.482900000000000063e+01,2.300000000000000000e+01,2.300000000000000000e+01
8.333579516410827637e+01,1.000000000000000000e+02,0.000000000000000000e+00,3.220900000000000318e+01,2.507300000000000040e+01,2.300000000000000000e+01,2.300000000000000000e+01
8.452758884429931641e+01,8.050523960926255995e+01,0.000000000000000000e+00,3.240500000000000114e+01,2.502400000000000091e+01,2.300000000000000000e+01,2.300000000000000000e+01
8.571479511260986328e+01,8.544922153105942186e+01,0.000000000000000000e+00,3.255100000000000193e+01,2.502400000000000091e+01,2.300000000000000000e+01,2.300000000000000000e+01
8.690351271629333496e+01,7.251105133674705883e+01,0.000000000000000000e+00,3.279599999999999937e+01,2.512199999999999989e+01,2.300000000000000000e+01,2.300000000000000000e+01
8.808842492103576660e+01,1.000000000000000000e+02,0.000000000000000000e+00,3.279599999999999937e+01,2.502400000000000091e+01,2.300000000000000000e+01,2.300000000000000000e+01
8.928293848037719727e+01,4.548748460133886340e+01,0.000000000000000000e+00,3.323599999999999710e+01,2.517099999999999937e+01,2.300000000000000000e+01,2.300000000000000000e+01
9.047339320182800293e+01,9.406424037093040624e+01,0.000000000000000000e+00,3.323599999999999710e+01,2.507300000000000040e+01,2.300000000000000000e+01,2.300000000000000000e+01
9.164889907836914062e+01,7.732930840435857078e+01,0.000000000000000000e+00,3.338199999999999790e+01,2.521999999999999886e+01,2.300000000000000000e+01,2.300000000000000000e+01
9.283057045936584473e+01,6.365277866967642240e+01,0.000000000000000000e+00,3.362700000000000244e+01,2.512199999999999989e+01,2.300000000000000000e+01,2.300000000000000000e+01
9.401866102218627930e+01,7.888867462365443828e+01,0.000000000000000000e+00,3.372399999999999665e+01,2.526899999999999835e+01,2.300000000000000000e+01,2.300000000000000000e+01
9.520031714439392090e+01,7.195822476616395136e+01,0.000000000000000000e+00,3.387100000000000222e+01,2.526899999999999835e+01,2.300000000000000000e+01,2.300000000000000000e+01
9.637247133255004883e+01,5.193686070504601560e+01,0.000000000000000000e+00,3.416400000000000148e+01,2.521999999999999886e+01,2.300000000000000000e+01,2.300000000000000000e+01
9.754996347427368164e+01,7.784110876810534307e+01,0.000000000000000000e+00,3.421300000000000097e+01,2.541499999999999915e+01,2.300000000000000000e+01,2.300000000000000000e+01
9.873896145820617676e+01,5.920532791487696045e+01,0.000000000000000000e+00,3.440899999999999892e+01,2.526899999999999835e+01,2.300000000000000000e+01,2.300000000000000000e+01
9.992553901672363281e+01,8.067099717064813547e+01,0.000000000000000000e+00,3.440899999999999892e+01,2.531800000000000139e+01,2.300000000000000000e+01,2.300000000000000000e+01
1.011080203056335449e+02,3.832364793096822098e+01,0.000000000000000000e+00,3.475099999999999767e+01,2.551300000000000168e+01,2.300000000000000000e+01,2.300000000000000000e+01
1.022929503917694092e+02,6.894147375046608772e+01,0.000000000000000000e+00,3.479999999999999716e+01,2.531800000000000139e+01,2.300000000000000000e+01,2.300000000000000000e+01
1.034906785488128662e+02,4.990949014897844904e+01,0.000000000000000000e+00,3.499499999999999744e+01,2.546399999999999864e+01,2.300000000000000000e+01,2.300000000000000000e+01
1.046729247570037842e+02,4.617746339920233112e+01,0.000000000000000000e+00,3.519100000000000250e+01,2.536700000000000088e+01,2.300000000000000000e+01,2.300000000000000000e+01
1.058832316398620605e+02,6.093112260990849904e+01,0.000000000000000000e+00,3.523899999999999721e+01,2.536700000000000088e+01,2.300000000000000000e+01,2.300000000000000000e+01
1.070932240486145020e+02,5.356197345496814677e+01,0.000000000000000000e+00,3.533700000000000330e+01,2.536700000000000088e+01,2.300000000000000000e+01,2.300000000000000000e+01
1.082782256603240967e+02,3.916263549274205502e+01,0.000000000000000000e+00,3.553300000000000125e+01,2.551300000000000168e+01,2.300000000000000000e+01,2.300000000000000000e+01
1.094361152648925781e+02,4.132732903635125865e+01,0.000000000000000000e+00,3.567900000000000205e+01,2.561100000000000065e+01,2.300000000000000000e+01,2.300000000000000000e+01
1.106171576976776123e+02,3.789496252949506783e+01,0.000000000000000000e+00,3.582600000000000051e+01,2.551300000000000168e+01,2.300000000000000000e+01,2.300000000000000000e+01
1.117802612781524658e+02,4.672391531381651220e+01,0.000000000000000000e+00,3.587500000000000000e+01,2.551300000000000168e+01,2.300000000000000000e+01,2.300000000000000000e+01
1.130228264331817627e+02,1.445168139650860084e+01,0.000000000000000000e+00,3.616799999999999926e+01,2.561100000000000065e+01,2.300000000000000000e+01,2.300000000000000000e+01
1.141922407150268555e+02,3.857533677737866640e+01,0.000000000000000000e+00,3.621699999999999875e+01,2.570899999999999963e+01,2.300000000000000000e+01,2.300000000000000000e+01
1.153578531742095947e+02,4.272914737324868639e+01,0.000000000000000000e+00,3.621699999999999875e+01,2.561100000000000065e+01,2.300000000000000000e+01,2.300000000000000000e+01
1.165429878234863281e+02,0.000000000000000000e+00,0.000000000000000000e+00,3.660799999999999699e+01,2.551300000000000168e+01,2.300000000000000000e+01,2.300000000000000000e+01
1.177389168739318848e+02,2.826453230202340450e+01,0.000000000000000000e+00,3.665699999999999648e+01,2.575799999999999912e+01,2.300000000000000000e+01,2.300000000000000000e+01
1.189288568496704102e+02,1.974230233915321620e+01,0.000000000000000000e+00,3.675500000000000256e+01,2.575799999999999912e+01,2.300000000000000000e+01,2.300000000000000000e+01
1.201232659816741943e+02,4.208402088298978327e+00,0.000000000000000000e+00,3.695000000000000284e+01,2.575799999999999912e+01,2.300000000000000000e+01,2.300000000000000000e+01
1.213104901313781738e+02,0.000000000000000000e+00,0.000000000000000000e+00,3.719500000000000028e+01,2.585500000000000043e+01,2.300000000000000000e+01,2.300000000000000000e+01
1.225063848495483398e+02,2.491501303715614313e+01,0.000000000000000000e+00,3.714600000000000080e+01,2.590399999999999991e+01,2.300000000000000000e+01,2.300000000000000000e+01
1.237000849246978760e+02,0.000000000000000000e+00,0.000000000000000000e+00,3.729200000000000159e+01,2.610000000000000142e+01,2.300000000000000000e+01,2.300000000000000000e+01
1.248939495086669922e+02,0.000000000000000000e+00,0.000000000000000000e+00,3.758599999999999852e+01,2.595299999999999940e+01,2.300000000000000000e+01,2.300000000000000000e+01
1.260864949226379395e+02,3.607775583398227681e+00,0.000000000000000000e+00,3.763400000000000034e+01,2.590399999999999991e+01,2.300000000000000000e+01,2.300000000000000000e+01
1.272823131084442139e+02,1.241290271516036547e+01,0.000000000000000000e+00,3.758599999999999852e+01,2.600199999999999889e+01,2.300000000000000000e+01,2.300000000000000000e+01
1.284738082885742188e+02,0.000000000000000000e+00,0.000000000000000000e+00,3.778099999999999881e+01,2.595299999999999940e+01,2.300000000000000000e+01,2.300000000000000000e+01
1.296653831005096436e+02,0.000000000000000000e+00,0.000000000000000000e+00,3.807399999999999807e+01,2.605099999999999838e+01,2.300000000000000000e+01,2.300000000000000000e+01
1.308583486080169678e+02,0.000000000000000000e+00,0.000000000000000000e+00,3.827000000000000313e+01,2.614900000000000091e+01,2.300000000000000000e+01,2.300000000000000000e+01
1.320441172122955322e+02,0.000000000000000000e+00,0.000000000000000000e+00,3.861200000000000188e+01,2.614900000000000091e+01,2.300000000000000000e+01,2.300000000000000000e+01
1.332332398891448975e+02,0.000000000000000000e+00,0.000000000000000000e+00,3.861200000000000188e+01,2.614900000000000091e+01,2.300000000000000000e+01,2.300000000000000000e+01
1.344320807456970215e+02,0.000000000000000000e+00,0.000000000000000000e+00,3.866100000000000136e+01,2.624599999999999866e+01,2.300000000000000000e+01,2.300000000000000000e+01
1.356184959411621094e+02,0.000000000000000000e+00,0.000000000000000000e+00,3.905199999999999960e+01,2.629500000000000171e+01,2.300000000000000000e+01,2.300000000000000000e+01
1.368114097118377686e+02,0.000000000000000000e+00,0.000000000000000000e+00,3.910099999999999909e+01,2.624599999999999866e+01,2.300000000000000000e+01,2.300000000000000000e+01
1.380115454196929932e+02,0.000000000000000000e+00,0.000000000000000000e+00,3.910099999999999909e+01,2.629500000000000171e+01,2.300000000000000000e+01,2.300000000000000000e+01
1.391842744350433350e+02,0.000000000000000000e+00,0.000000000000000000e+00,3.929599999999999937e+01,2.639300000000000068e+01,2.300000000000000000e+01,2.300000000000000000e+01
1.403737902641296387e+02,0.000000000000000000e+00,0.000000000000000000e+00,3.954099999999999682e+01,2.629500000000000171e+01,2.300000000000000000e+01,2.300000000000000000e+01
1.415726232528686523e+02,0.000000000000000000e+00,0.000000000000000000e+00,3.958899999999999864e+01,2.639300000000000068e+01,2.300000000000000000e+01,2.300000000000000000e+01
1.427731862068176270e+02,0.000000000000000000e+00,0.000000000000000000e+00,3.958899999999999864e+01,2.639300000000000068e+01,2.300000000000000000e+01,2.300000000000000000e+01
1.439767532348632812e+02,0.000000000000000000e+00,0.000000000000000000e+00,3.983400000000000318e+01,2.653999999999999915e+01,2.300000000000000000e+01,2.300000000000000000e+01
1.451789340972900391e+02,0.000000000000000000e+00,0.000000000000000000e+00,3.997999999999999687e+01,2.649099999999999966e+01,2.300000000000000000e+01,2.300000000000000000e+01
1.463782732486724854e+02,0.000000000000000000e+00,0.000000000000000000e+00,4.007800000000000296e+01,2.658800000000000097e+01,2.300000000000000000e+01,2.300000000000000000e+01
1.475693342685699463e+02,0.000000000000000000e+00,0.000000000000000000e+00,4.007800000000000296e+01,2.663700000000000045e+01,2.300000000000000000e+01,2.300000000000000000e+01
1.487520573139190674e+02,0.000000000000000000e+00,0.000000000000000000e+00,4.012700000000000244e+01,2.649099999999999966e+01,2.300000000000000000e+01,2.300000000000000000e+01
1.499456851482391357e+02,0.000000000000000000e+00,0.000000000000000000e+00,4.027400000000000091e+01,2.668599999999999994e+01,2.300000000000000000e+01,2.300000000000000000e+01
1.511340382099151611e+02,0.000000000000000000e+00,0.000000000000000000e+00,4.046900000000000119e+01,2.678399999999999892e+01,2.300000000000000000e+01,2.300000000000000000e+01
1.523884119987487793e+02,0.000000000000000000e+00,0.000000000000000000e+00,4.056700000000000017e+01,2.663700000000000045e+01,2.300000000000000000e+01,2.300000000000000000e+01
1.535832931995391846e+02,0.000000000000000000e+00,0.000000000000000000e+00,4.056700000000000017e+01,2.673499999999999943e+01,2.300000000000000000e+01,2.300000000000000000e+01
1.547841677665710449e+02,0.000000000000000000e+00,0.000000000000000000e+00,4.056700000000000017e+01,2.683299999999999841e+01,2.300000000000000000e+01,2.300000000000000000e+01
1.559860656261444092e+02,0.000000000000000000e+00,0.000000000000000000e+00,4.046900000000000119e+01,2.663700000000000045e+01,2.300000000000000000e+01,2.300000000000000000e+01
1.571866033077239990e+02,0.000000000000000000e+00,0.000000000000000000e+00,4.061599999999999966e+01,2.673499999999999943e+01,2.300000000000000000e+01,2.300000000000000000e+01
1.583678171634674072e+02,0.000000000000000000e+00,0.000000000000000000e+00,4.061599999999999966e+01,2.693100000000000094e+01,2.300000000000000000e+01,2.300000000000000000e+01
1.595733304023742676e+02,0.000000000000000000e+00,0.000000000000000000e+00,4.056700000000000017e+01,2.673499999999999943e+01,2.300000000000000000e+01,2.300000000000000000e+01
1.607752034664154053e+02,0.000000000000000000e+00,0.000000000000000000e+00,4.071399999999999864e+01,2.673499999999999943e+01,2.300000000000000000e+01,2.300000000000000000e+01
1.619810800552368164e+02,0.000000000000000000e+00,0.000000000000000000e+00,4.051800000000000068e+01,2.673499999999999943e+01,2.300000000000000000e+01,2.300000000000000000e+01
1.631990363597869873e+02,0.000000000000000000e+00,0.000000000000000000e+00,4.051800000000000068e+01,2.658800000000000097e+01,2.300000000000000000e+01,2.300000000000000000e+01
1.643935608863830566e+02,0.000000000000000000e+00,0.000000000000000000e+00,4.012700000000000244e+01,2.653999999999999915e+01,2.300000000000000000e+01,2.300000000000000000e+01
1.655899994373321533e+02,0.000000000000000000e+00,0.000000000000000000e+00,4.007800000000000296e+01,2.653999999999999915e+01,2.300000000000000000e+01,2.300000000000000000e+01
1.667896442413330078e+02,0.000000000000000000e+00,0.000000000000000000e+00,4.002900000000000347e+01,2.653999999999999915e+01,2.300000000000000000e+01,2.300000000000000000e+01
1.679861268997192383e+02,0.000000000000000000e+00,0.000000000000000000e+00,3.993200000000000216e+01,2.673499999999999943e+01,2.300000000000000000e+01,2.300000000000000000e+01
1.691750025749206543e+02,0.000000000000000000e+00,0.000000000000000000e+00,3.983400000000000318e+01,2.678399999999999892e+01,2.300000000000000000e+01,2.300000000000000000e+01
1.703571457862854004e+02,0.000000000000000000e+00,0.000000000000000000e+00,3.978499999999999659e+01,2.683299999999999841e+01,2.300000000000000000e+01,2.300000000000000000e+01
1.715483300685882568e+02,0.000000000000000000e+00,0.000000000000000000e+00,3.963799999999999812e+01,2.678399999999999892e+01,2.300000000000000000e+01,2.300000000000000000e+01
1.727459509372711182e+02,0.000000000000000000e+00,0.000000000000000000e+00,3.958899999999999864e+01,2.683299999999999841e+01,2.300000000000000000e+01,2.300000000000000000e+01
1.739495484828948975e+02,0.000000000000000000e+00,0.000000000000000000e+00,3.954099999999999682e+01,2.678399999999999892e+01,2.300000000000000000e+01,2.300000000000000000e+01
1.751447117328643799e+02,0.000000000000000000e+00,0.000000000000000000e+00,3.954099999999999682e+01,2.693100000000000094e+01,2.300000000000000000e+01,2.300000000000000000e+01
1.763393099308013916e+02,0.000000000000000000e+00,0.000000000000000000e+00,3.958899999999999864e+01,2.678399999999999892e+01,2.300000000000000000e+01,2.300000000000000000e+01
1.775379748344421387e+02,0.000000000000000000e+00,0.000000000000000000e+00,3.944299999999999784e+01,2.697899999999999920e+01,2.300000000000000000e+01,2.300000000000000000e+01
1.787313859462738037e+02,0.000000000000000000e+00,0.000000000000000000e+00,3.958899999999999864e+01,2.693100000000000094e+01,2.300000000000000000e+01,2.300000000000000000e+01
1.799175884723663330e+02,0.000000000000000000e+00,0.000000000000000000e+00,3.939399999999999835e+01,2.693100000000000094e+01,2.300000000000000000e+01,2.300000000000000000e+01
1.811005103588104248e+02,0.000000000000000000e+00,0.000000000000000000e+00,3.934499999999999886e+01,2.707700000000000173e+01,2.300000000000000000e+01,2.300000000000000000e+01
1.822770385742187500e+02,0.000000000000000000e+00,0.000000000000000000e+00,3.924699999999999989e+01,2.707700000000000173e+01,2.300000000000000000e+01,2.300000000000000000e+01
1.834695780277252197e+02,0.000000000000000000e+00,0.000000000000000000e+00,3.924699999999999989e+01,2.722400000000000020e+01,2.300000000000000000e+01,2.300000000000000000e+01
1.846831779479980469e+02,0.000000000000000000e+00,0.000000000000000000e+00,3.905199999999999960e+01,2.712600000000000122e+01,2.300000000000000000e+01,2.300000000000000000e+01
1.858686058521270752e+02,0.000000000000000000e+00,0.000000000000000000e+00,3.914999999999999858e+01,2.727299999999999969e+01,2.300000000000000000e+01,2.300000000000000000e+01
1.870559918880462646e+02,0.000000000000000000e+00,0.000000000000000000e+00,3.914999999999999858e+01,2.727299999999999969e+01,2.300000000000000000e+01,2.300000000000000000e+01
1.882540903091430664e+02,0.000000000000000000e+00,0.000000000000000000e+00,3.910099999999999909e+01,2.741900000000000048e+01,2.300000000000000000e+01,2.300000000000000000e+01
1.894482545852661133e+02,0.000000000000000000e+00,0.000000000000000000e+00,3.910099999999999909e+01,2.737000000000000099e+01,2.300000000000000000e+01,2.300000000000000000e+01
1.906406145095825195e+02,0.000000000000000000e+00,0.000000000000000000e+00,3.905199999999999960e+01,2.732199999999999918e+01,2.300000000000000000e+01,2.300000000000000000e+01
1.918831803798675537e+02,0.000000000000000000e+00,0.000000000000000000e+00,3.895400000000000063e+01,2.732199999999999918e+01,2.300000000000000000e+01,2.300000000000000000e+01
1.930754668712615967e+02,0.000000000000000000e+00,0.000000000000000000e+00,3.905199999999999960e+01,2.751699999999999946e+01,2.300000000000000000e+01,2.300000000000000000e+01
1.942737958431243896e+02,0.000000000000000000e+00,0.000000000000000000e+00,3.895400000000000063e+01,2.737000000000000099e+01,2.300000000000000000e+01,2.300000000000000000e+01
1.954855859279632568e+02,0.000000000000000000e+00,0.000000000000000000e+00,3.880700000000000216e+01,2.732199999999999918e+01,2.300000000000000000e+01,2.300000000000000000e+01
1.966757719516754150e+02,6.820606755567457213e+00,0.000000000000000000e+00,3.861200000000000188e+01,2.737000000000000099e+01,2.300000000000000000e+01,2.300000000000000000e+01
1.978769249916076660e+02,0.000000000000000000e+00,0.000000000000000000e+00,3.861200000000000188e+01,2.746799999999999997e+01,2.300000000000000000e+01,2.300000000000000000e+01
1.990784256458282471e+02,1.205198348440534417e+00,0.000000000000000000e+00,3.846500000000000341e+01,2.741900000000000048e+01,2.300000000000000000e+01,2.300000000000000000e+01
2.002564914226531982e+02,0.000000000000000000e+00,0.000000000000000000e+00,3.861200000000000188e+01,2.737000000000000099e+01,2.300000000000000000e+01,2.300000000000000000e+01
2.014477906227111816e+02,0.000000000000000000e+00,0.000000000000000000e+00,3.856300000000000239e+01,2.741900000000000048e+01,2.300000000000000000e+01,2.300000000000000000e+01
2.026583213806152344e+02,1.733616642729940693e+01,0.000000000000000000e+00,3.827000000000000313e+01,2.751699999999999946e+01,2.300000000000000000e+01,2.300000000000000000e+01
2.038797032833099365e+02,0.000000000000000000e+00,0.000000000000000000e+00,3.817199999999999704e+01,2.751699999999999946e+01,2.300000000000000000e+01,2.300000000000000000e+01
2.050834734439849854e+02,0.000000000000000000e+00,0.000000000000000000e+00,3.812299999999999756e+01,2.756599999999999895e+01,2.300000000000000000e+01,2.300000000000000000e+01
2.062965826988220215e+02,0.000000000000000000e+00,0.000000000000000000e+00,3.812299999999999756e+01,2.751699999999999946e+01,2.300000000000000000e+01,2.300000000000000000e+01
2.074848499298095703e+02,0.000000000000000000e+00,0.000000000000000000e+00,3.812299999999999756e+01,2.761499999999999844e+01,2.300000000000000000e+01,2.300000000000000000e+01
2.086609730720520020e+02,0.000000000000000000e+00,0.000000000000000000e+00,3.812299999999999756e+01,2.761499999999999844e+01,2.300000000000000000e+01,2.300000000000000000e+01
2.098656156063079834e+02,0.000000000000000000e+00,0.000000000000000000e+00,3.812299999999999756e+01,2.771300000000000097e+01,2.300000000000000000e+01,2.300000000000000000e+01
2.110593156814575195e+02,0.000000000000000000e+00,0.000000000000000000e+00,3.812299999999999756e+01,2.766400000000000148e+01,2.300000000000000000e+01,2.300000000000000000e+01
2.122431213855743408e+02,0.000000000000000000e+00,0.000000000000000000e+00,3.812299999999999756e+01,2.771300000000000097e+01,2.300000000000000000e+01,2.300000000000000000e+01
2.134288191795349121e+02,0.000000000000000000e+00,0.000000000000000000e+00,3.802499999999999858e+01,2.785900000000000176e+01,2.300000000000000000e+01,2.300000000000000000e+01
2.146144676208496094e+02,0.000000000000000000e+00,0.000000000000000000e+00,3.802499999999999858e+01,2.776099999999999923e+01,2.300000000000000000e+01,2.300000000000000000e+01
2.158089492321014404e+02,5.966033594431909393e+00,0.000000000000000000e+00,3.787899999999999778e+01,2.756599999999999895e+01,2.300000000000000000e+01,2.300000000000000000e+01
2.169928908348083496e+02,6.237048423029863287e+00,0.000000000000000000e+00,3.773199999999999932e+01,2.771300000000000097e+01,2.300000000000000000e+01,2.300000000000000000e+01
2.181789126396179199e+02,0.000000000000000000e+00,0.000000000000000000e+00,3.768299999999999983e+01,2.771300000000000097e+01,2.300000000000000000e+01,2.300000000000000000e+01
2.193628029823303223e+02,0.000000000000000000e+00,0.000000000000000000e+00,3.763400000000000034e+01,2.780999999999999872e+01,2.300000000000000000e+01,2.300000000000000000e+01
2.205601978302001953e+02,0.000000000000000000e+00,0.000000000000000000e+00,3.763400000000000034e+01,2.795700000000000074e+01,2.300000000000000000e+01,2.300000000000000000e+01
2.217448632717132568e+02,0.000000000000000000e+00,0.000000000000000000e+00,3.768299999999999983e+01,2.780999999999999872e+01,2.300000000000000000e+01,2.300000000000000000e+01
2.229282963275909424e+02,0.000000000000000000e+00,0.000000000000000000e+00,3.763400000000000034e+01,2.776099999999999923e+01,2.300000000000000000e+01,2.300000000000000000e+01
2.241156470775604248e+02,0.000000000000000000e+00,0.000000000000000000e+00,3.763400000000000034e+01,2.776099999999999923e+01,2.300000000000000000e+01,2.300000000000000000e+01
2.253092753887176514e+02,0.000000000000000000e+00,0.000000000000000000e+00,3.763400000000000034e+01,2.800600000000000023e+01,2.300000000000000000e+01,2.300000000000000000e+01
2.264991393089294434e+02,0.000000000000000000e+00,0.000000000000000000e+00,3.763400000000000034e+01,2.785900000000000176e+01,2.300000000000000000e+01,2.300000000000000000e+01
2.276873571872711182e+02,0.000000000000000000e+00,0.000000000000000000e+00,3.763400000000000034e+01,2.780999999999999872e+01,2.300000000000000000e+01,2.300000000000000000e+01
2.288734908103942871e+02,0.000000000000000000e+00,0.000000000000000000e+00,3.763400000000000034e+01,2.785900000000000176e+01,2.300000000000000000e+01,2.300000000000000000e+01
2.300461623668670654e+02,0.000000000000000000e+00,0.000000000000000000e+00,3.758599999999999852e+01,2.790800000000000125e+01,2.300000000000000000e+01,2.300000000000000000e+01
2.312259757518768311e+02,0.000000000000000000e+00,0.000000000000000000e+00,3.758599999999999852e+01,2.785900000000000176e+01,2.300000000000000000e+01,2.300000000000000000e+01
2.324356272220611572e+02,2.766317794272334041e+01,0.000000000000000000e+00,3.729200000000000159e+01,2.790800000000000125e+01,2.300000000000000000e+01,2.300000000000000000e+01
2.336281869411468506e+02,0.000000000000000000e+00,0.000000000000000000e+00,3.729200000000000159e+01,2.780999999999999872e+01,2.300000000000000000e+01,2.300000000000000000e+01
2.348224966526031494e+02,6.375594162759002259e+00,0.000000000000000000e+00,3.719500000000000028e+01,2.785900000000000176e+01,2.300000000000000000e+01,2.300000000000000000e+01
2.360110344886779785e+02,2.044027156159708980e-01,0.000000000000000000e+00,3.714600000000000080e+01,2.800600000000000023e+01,2.300000000000000000e+01,2.300000000000000000e+01
2.371993536949157715e+02,0.000000000000000000e+00,0.000000000000000000e+00,3.714600000000000080e+01,2.815200000000000102e+01,2.300000000000000000e+01,2.300000000000000000e+01
2.383929455280303955e+02,0.000000000000000000e+00,0.000000000000000000e+00,3.714600000000000080e+01,2.800600000000000023e+01,2.300000000000000000e+01,2.300000000000000000e+01
2.396659867763519287e+02,0.000000000000000000e+00,0.000000000000000000e+00,3.714600000000000080e+01,2.790800000000000125e+01,2.300000000000000000e+01,2.300000000000000000e+01
2.408588140010833740e+02,0.000000000000000000e+00,0.000000000000000000e+00,3.714600000000000080e+01,2.800600000000000023e+01,2.300000000000000000e+01,2.300000000000000000e+01
2.420508401393890381e+02,0.000000000000000000e+00,0.000000000000000000e+00,3.719500000000000028e+01,2.810399999999999920e+01,2.300000000000000000e+01,2.300000000000000000e+01
2.432449672222137451e+02,0.000000000000000000e+00,0.000000000000000000e+00,3.714600000000000080e+01,2.800600000000000023e+01,2.300000000000000000e+01,2.300000000000000000e+01
2.444353218078613281e+02,5.347593771117059802e+00,0.000000000000000000e+00,3.704800000000000182e+01,2.805499999999999972e+01,2.300000000000000000e+01,2.300000000000000000e+01
2.456931343078613281e+02,0.000000000000000000e+00,0.000000000000000000e+00,3.699900000000000233e+01,2.825000000000000000e+01,2.300000000000000000e+01,2.300000000000000000e+01
2.468634893894195557e+02,3.069495462606968417e+01,0.000000000000000000e+00,3.670600000000000307e+01,2.829899999999999949e+01,2.300000000000000000e+01,2.300000000000000000e+01
2.480963194370269775e+02,0.000000000000000000e+00,0.000000000000000000e+00,3.675500000000000256e+01,2.810399999999999920e+01,2.300000000000000000e+01,2.300000000000000000e+01
2.493281517028808594e+02,0.000000000000000000e+00,0.000000000000000000e+00,3.675500000000000256e+01,2.820100000000000051e+01,2.300000000000000000e+01,2.300000000000000000e+01
2.505453267097473145e+02,1.539537938966708452e+01,0.000000000000000000e+00,3.660799999999999699e+01,2.815200000000000102e+01,2.300000000000000000e+01,2.300000000000000000e+01
2.517444851398468018e+02,0.000000000000000000e+00,0.000000000000000000e+00,3.675500000000000256e+01,2.820100000000000051e+01,2.300000000000000000e+01,2.300000000000000000e+01
2.529318184852600098e+02,7.824094318441769502e+00,0.000000000000000000e+00,3.665699999999999648e+01,2.820100000000000051e+01,2.300000000000000000e+01,2.300000000000000000e+01
2.541412699222564697e+02,0.000000000000000000e+00,0.000000000000000000e+00,3.665699999999999648e+01,2.829899999999999949e+01,2.300000000000000000e+01,2.300000000000000000e+01
2.553129882812500000e+02,0.000000000000000000e+00,0.000000000000000000e+00,3.675500000000000256e+01,2.805499999999999972e+01,2.300000000000000000e+01,2.300000000000000000e+01
2.564904191493988037e+02,2.092718013935739307e-01,0.000000000000000000e+00,3.670600000000000307e+01,2.825000000000000000e+01,2.300000000000000000e+01,2.300000000000000000e+01
2.576636009216308594e+02,0.000000000000000000e+00,0.000000000000000000e+00,3.665699999999999648e+01,2.825000000000000000e+01,2.300000000000000000e+01,2.300000000000000000e+01
2.588694531917572021e+02,0.000000000000000000e+00,0.000000000000000000e+00,3.665699999999999648e+01,2.825000000000000000e+01,2.300000000000000000e+01,2.300000000000000000e+01
2.600402069091796875e+02,0.000000000000000000e+00,0.000000000000000000e+00,3.665699999999999648e+01,2.825000000000000000e+01,2.300000000000000000e+01,2.300000000000000000e+01
2.613626589775085449e+02,6.650818795812226014e+00,0.000000000000000000e+00,3.655899999999999750e+01,2.829899999999999949e+01,2.300000000000000000e+01,2.300000000000000000e+01
2.625578143596649170e+02,0.000000000000000000e+00,0.000000000000000000e+00,3.670600000000000307e+01,2.829899999999999949e+01,2.300000000000000000e+01,2.300000000000000000e+01
2.637587127685546875e+02,0.000000000000000000e+00,0.000000000000000000e+00,3.665699999999999648e+01,2.825000000000000000e+01,2.300000000000000000e+01,2.300000000000000000e+01
2.649369091987609863e+02,0.000000000000000000e+00,0.000000000000000000e+00,3.665699999999999648e+01,2.820100000000000051e+01,2.300000000000000000e+01,2.300000000000000000e+01
2.661068365573883057e+02,0.000000000000000000e+00,0.000000000000000000e+00,3.665699999999999648e+01,2.820100000000000051e+01,2.300000000000000000e+01,2.300000000000000000e+01
2.672824747562408447e+02,0.000000000000000000e+00,0.000000000000000000e+00,3.665699999999999648e+01,2.844600000000000151e+01,2.300000000000000000e+01,2.300000000000000000e+01
2.684707276821136475e+02,0.000000000000000000e+00,0.000000000000000000e+00,3.670600000000000307e+01,2.820100000000000051e+01,2.300000000000000000e+01,2.300000000000000000e+01
2.696491575241088867e+02,0.000000000000000000e+00,0.000000000000000000e+00,3.665699999999999648e+01,2.820100000000000051e+01,2.300000000000000000e+01,2.300000000000000000e+01
2.708535268306732178e+02,0.000000000000000000e+00,0.000000000000000000e+00,3.665699999999999648e+01,2.844600000000000151e+01,2.300000000000000000e+01,2.300000000000000000e+01
2.720326485633850098e+02,0.000000000000000000e+00,0.000000000000000000e+00,3.665699999999999648e+01,2.834799999999999898e+01,2.300000000000000000e+01,2.300000000000000000e+01
2.732218525409698486e+02,0.000000000000000000e+00,0.000000000000000000e+00,3.670600000000000307e+01,2.825000000000000000e+01,2.300000000000000000e+01,2.300000000000000000e+01
2.743920269012451172e+02,0.000000000000000000e+00,0.000000000000000000e+00,3.665699999999999648e+01,2.815200000000000102e+01,2.300000000000000000e+01,2.300000000000000000e+01
2.755661549568176270e+02,0.000000000000000000e+00,0.000000000000000000e+00,3.665699999999999648e+01,2.829899999999999949e+01,2.300000000000000000e+01,2.300000000000000000e+01
2.767772994041442871e+02,0.000000000000000000e+00,0.000000000000000000e+00,3.665699999999999648e+01,2.834799999999999898e+01,2.300000000000000000e+01,2.300000000000000000e+01
2.779476201534271240e+02,0.000000000000000000e+00,0.000000000000000000e+00,3.665699999999999648e+01,2.844600000000000151e+01,2.300000000000000000e+01,2.300000000000000000e+01
2.791330180168151855e+02,0.000000000000000000e+00,0.000000000000000000e+00,3.665699999999999648e+01,2.829899999999999949e+01,2.300000000000000000e+01,2.300000000000000000e+01
2.803657858371734619e+02,0.000000000000000000e+00,0.000000000000000000e+00,3.665699999999999648e+01,2.829899999999999949e+01,2.300000000000000000e+01,2.300000000000000000e+01
2.815464658737182617e+02,0.000000000000000000e+00,0.000000000000000000e+00,3.665699999999999648e+01,2.849500000000000099e+01,2.300000000000000000e+01,2.300000000000000000e+01
2.827328228950500488e+02,0.000000000000000000e+00,0.000000000000000000e+00,3.660799999999999699e+01,2.834799999999999898e+01,2.300000000000000000e+01,2.300000000000000000e+01
2.839132461547851562e+02,0.000000000000000000e+00,0.000000000000000000e+00,3.665699999999999648e+01,2.834799999999999898e+01,2.300000000000000000e+01,2.300000000000000000e+01
2.850801477432250977e+02,0.000000000000000000e+00,0.000000000000000000e+00,3.665699999999999648e+01,2.839699999999999847e+01,2.300000000000000000e+01,2.300000000000000000e+01
2.862618656158447266e+02,0.000000000000000000e+00,0.000000000000000000e+00,3.670600000000000307e+01,2.834799999999999898e+01,2.300000000000000000e+01,2.300000000000000000e+01
2.874500374794006348e+02,4.358209757409611029e+00,0.000000000000000000e+00,3.660799999999999699e+01,2.834799999999999898e+01,2.300000000000000000e+01,2.300000000000000000e+01
2.886363902091979980e+02,0.000000000000000000e+00,0.000000000000000000e+00,3.660799999999999699e+01,2.834799999999999898e+01,2.300000000000000000e+01,2.300000000000000000e+01
2.898281230926513672e+02,0.000000000000000000e+00,0.000000000000000000e+00,3.660799999999999699e+01,2.849500000000000099e+01,2.300000000000000000e+01,2.300000000000000000e+01
2.910022225379943848e+02,1.088683164347136589e+01,0.000000000000000000e+00,3.646099999999999852e+01,2.849500000000000099e+01,2.300000000000000000e+01,2.300000000000000000e+01
2.922039115428924561e+02,0.000000000000000000e+00,0.000000000000000000e+00,3.665699999999999648e+01,2.839699999999999847e+01,2.300000000000000000e+01,2.300000000000000000e+01
2.933726336956024170e+02,2.538751463890049465e+00,0.000000000000000000e+00,3.655899999999999750e+01,2.834799999999999898e+01,2.300000000000000000e+01,2.300000000000000000e+01
2.945570044517517090e+02,0.000000000000000000e+00,0.000000000000000000e+00,3.655899999999999750e+01,2.844600000000000151e+01,2.300000000000000000e+01,2.300000000000000000e+01
2.957342164516448975e+02,8.985552713472355180e+00,0.000000000000000000e+00,3.641299999999999670e+01,2.820100000000000051e+01,2.300000000000000000e+01,2.300000000000000000e+01
2.969287190437316895e+02,0.000000000000000000e+00,0.000000000000000000e+00,3.650999999999999801e+01,2.844600000000000151e+01,2.300000000000000000e+01,2.300000000000000000e+01
2.981261813640594482e+02,2.494936352054510920e+00,0.000000000000000000e+00,3.641299999999999670e+01,2.844600000000000151e+01,2.300000000000000000e+01,2.300000000000000000e+01
2.992978563308715820e+02,0.000000000000000000e+00,0.000000000000000000e+00,3.641299999999999670e+01,2.839699999999999847e+01,2.300000000000000000e+01,2.300000000000000000e+01
3.004764857292175293e+02,0.000000000000000000e+00,0.000000000000000000e+00,3.636399999999999721e+01,2.839699999999999847e+01,2.300000000000000000e+01,2.300000000000000000e+01
3.016643693447113037e+02,0.000000000000000000e+00,0.000000000000000000e+00,3.631499999999999773e+01,2.834799999999999898e+01,2.300000000000000000e+01,2.300000000000000000e+01
3.028524684906005859e+02,0.000000000000000000e+00,0.000000000000000000e+00,3.631499999999999773e+01,2.844600000000000151e+01,2.300000000000000000e+01,2.300000000000000000e+01
3.040512306690216064e+02,4.975927923924304608e+00,0.000000000000000000e+00,3.621699999999999875e+01,2.849500000000000099e+01,2.300000000000000000e+01,2.300000000000000000e+01
3.052485449314117432e+02,0.000000000000000000e+00,0.000000000000000000e+00,3.621699999999999875e+01,2.844600000000000151e+01,2.300000000000000000e+01,2.300000000000000000e+01
3.064325981140136719e+02,0.000000000000000000e+00,0.000000000000000000e+00,3.616799999999999926e+01,2.839699999999999847e+01,2.300000000000000000e+01,2.300000000000000000e+01
3.076377160549163818e+02,0.000000000000000000e+00,0.000000000000000000e+00,3.616799999999999926e+01,2.854299999999999926e+01,2.300000000000000000e+01,2.300000000000000000e+01
3.089364354610443115e+02,0.000000000000000000e+00,0.000000000000000000e+00,3.621699999999999875e+01,2.859199999999999875e+01,2.300000000000000000e+01,2.300000000000000000e+01
3.101113121509552002e+02,0.000000000000000000e+00,0.000000000000000000e+00,3.621699999999999875e+01,2.844600000000000151e+01,2.300000000000000000e+01,2.300000000000000000e+01
3.113806529045104980e+02,0.000000000000000000e+00,0.000000000000000000e+00,3.616799999999999926e+01,2.859199999999999875e+01,2.300000000000000000e+01,2.300000000000000000e+01
3.126773803234100342e+02,0.000000000000000000e+00,0.000000000000000000e+00,3.616799999999999926e+01,2.834799999999999898e+01,2.300000000000000000e+01,2.300000000000000000e+01
3.138782505989074707e+02,0.000000000000000000e+00,0.000000000000000000e+00,3.616799999999999926e+01,2.859199999999999875e+01,2.300000000000000000e+01,2.300000000000000000e+01
3.150849373340606689e+02,0.000000000000000000e+00,0.000000000000000000e+00,3.621699999999999875e+01,2.844600000000000151e+01,2.300000000000000000e+01,2.300000000000000000e+01
3.162711567878723145e+02,0.000000000000000000e+00,0.000000000000000000e+00,3.616799999999999926e+01,2.854299999999999926e+01,2.300000000000000000e+01,2.300000000000000000e+01
3.174408464431762695e+02,0.000000000000000000e+00,0.000000000000000000e+00,3.616799999999999926e+01,2.844600000000000151e+01,2.300000000000000000e+01,2.300000000000000000e+01
3.186159477233886719e+02,0.000000000000000000e+00,0.000000000000000000e+00,3.621699999999999875e+01,2.849500000000000099e+01,2.300000000000000000e+01,2.300000000000000000e+01
3.198642365932464600e+02,0.000000000000000000e+00,0.000000000000000000e+00,3.616799999999999926e+01,2.844600000000000151e+01,2.300000000000000000e+01,2.300000000000000000e+01
3.210443701744079590e+02,0.000000000000000000e+00,0.000000000000000000e+00,3.616799999999999926e+01,2.844600000000000151e+01,2.300000000000000000e+01,2.300000000000000000e+01
3.222165148258209229e+02,0.000000000000000000e+00,0.000000000000000000e+00,3.616799999999999926e+01,2.849500000000000099e+01,2.300000000000000000e+01,2.300000000000000000e+01
3.234263291358947754e+02,4.742762374384001944e-01,0.000000000000000000e+00,3.611899999999999977e+01,2.844600000000000151e+01,2.300000000000000000e+01,2.300000000000000000e+01
3.246082055568695068e+02,0.000000000000000000e+00,0.000000000000000000e+00,3.611899999999999977e+01,2.854299999999999926e+01,2.300000000000000000e+01,2.300000000000000000e+01
3.257986030578613281e+02,0.000000000000000000e+00,0.000000000000000000e+00,3.616799999999999926e+01,2.844600000000000151e+01,2.300000000000000000e+01,2.300000000000000000e+01
3.269811348915100098e+02,0.000000000000000000e+00,0.000000000000000000e+00,3.616799999999999926e+01,2.864099999999999824e+01,2.300000000000000000e+01,2.300000000000000000e+01
3.281739158630371094e+02,0.000000000000000000e+00,0.000000000000000000e+00,3.611899999999999977e+01,2.849500000000000099e+01,2.300000000000000000e+01,2.300000000000000000e+01
3.293574836254119873e+02,0.000000000000000000e+00,0.000000000000000000e+00,3.616799999999999926e+01,2.864099999999999824e+01,2.300000000000000000e+01,2.300000000000000000e+01
3.305258095264434814e+02,5.622569170774392333e+00,0.000000000000000000e+00,3.607000000000000028e+01,2.854299999999999926e+01,2.300000000000000000e+01,2.300000000000000000e+01
3.316968553066253662e+02,2.187642936302882646e-01,0.000000000000000000e+00,3.602199999999999847e+01,2.859199999999999875e+01,2.300000000000000000e+01,2.300000000000000000e+01
3.328799200057983398e+02,1.261003664095144217e+01,0.000000000000000000e+00,3.587500000000000000e+01,2.864099999999999824e+01,2.300000000000000000e+01,2.300000000000000000e+01
3.340744667053222656e+02,0.000000000000000000e+00,0.000000000000000000e+00,3.597299999999999898e+01,2.859199999999999875e+01,2.300000000000000000e+01,2.300000000000000000e+01
3.352662050724029541e+02,2.502508176273882512e+01,0.000000000000000000e+00,3.572800000000000153e+01,2.873900000000000077e+01,2.300000000000000000e+01,2.300000000000000000e+01
3.364638819694519043e+02,0.000000000000000000e+00,0.000000000000000000e+00,3.572800000000000153e+01,2.873900000000000077e+01,2.300000000000000000e+01,2.300000000000000000e+01
3.377415757179260254e+02,4.345092808348549163e+00,0.000000000000000000e+00,3.567900000000000205e+01,2.869000000000000128e+01,2.300000000000000000e+01,2.300000000000000000e+01
3.389433386325836182e+02,4.523837565477847988e+00,0.000000000000000000e+00,3.563100000000000023e+01,2.844600000000000151e+01,2.300000000000000000e+01,2.300000000000000000e+01
3.401492679119110107e+02,0.000000000000000000e+00,0.000000000000000000e+00,3.567900000000000205e+01,2.869000000000000128e+01,2.300000000000000000e+01,2.300000000000000000e+01
3.413273522853851318e+02,0.000000000000000000e+00,0.000000000000000000e+00,3.567900000000000205e+01,2.864099999999999824e+01,2.300000000000000000e+01,2.300000000000000000e+01
3.425106329917907715e+02,0.000000000000000000e+00,0.000000000000000000e+00,3.572800000000000153e+01,2.883699999999999974e+01,2.300000000000000000e+01,2.300000000000000000e+01
3.436937224864959717e+02,0.000000000000000000e+00,0.000000000000000000e+00,3.582600000000000051e+01,2.873900000000000077e+01,2.300000000000000000e+01,2.300000000000000000e+01
3.448817691802978516e+02,1.365140969608697219e+01,0.000000000000000000e+00,3.567900000000000205e+01,2.859199999999999875e+01,2.300000000000000000e+01,2.300000000000000000e+01
3.460639481544494629e+02,3.359877279216380686e+00,0.000000000000000000e+00,3.563100000000000023e+01,2.869000000000000128e+01,2.300000000000000000e+01,2.300000000000000000e+01
3.472353568077087402e+02,0.000000000000000000e+00,0.000000000000000000e+00,3.567900000000000205e+01,2.873900000000000077e+01,2.300000000000000000e+01,2.300000000000000000e+01
3.484145154953002930e+02,0.000000000000000000e+00,0.000000000000000000e+00,3.567900000000000205e+01,2.864099999999999824e+01,2.300000000000000000e+01,2.300000000000000000e+01
3.495942294597625732e+02,0.000000000000000000e+00,0.000000000000000000e+00,3.567900000000000205e+01,2.873900000000000077e+01,2.300000000000000000e+01,2.300000000000000000e+01
3.508297786712646484e+02,0.000000000000000000e+00,0.000000000000000000e+00,3.572800000000000153e+01,2.873900000000000077e+01,2.300000000000000000e+01,2.300000000000000000e+01
3.520371785163879395e+02,2.017172235825612781e+00,0.000000000000000000e+00,3.567900000000000205e+01,2.869000000000000128e+01,2.300000000000000000e+01,2.300000000000000000e+01
3.532980837821960449e+02,0.000000000000000000e+00,0.000000000000000000e+00,3.567900000000000205e+01,2.869000000000000128e+01,2.300000000000000000e+01,2.300000000000000000e+01
3.544955215454101562e+02,0.000000000000000000e+00,0.000000000000000000e+00,3.567900000000000205e+01,2.869000000000000128e+01,2.300000000000000000e+01,2.300000000000000000e+01
3.556891996860504150e+02,0.000000000000000000e+00,0.000000000000000000e+00,3.567900000000000205e+01,2.869000000000000128e+01,2.300000000000000000e+01,2.300000000000000000e+01
3.568824019432067871e+02,0.000000000000000000e+00,0.000000000000000000e+00,3.567900000000000205e+01,2.864099999999999824e+01,2.300000000000000000e+01,2.300000000000000000e+01
3.580737113952636719e+02,0.000000000000000000e+00,0.000000000000000000e+00,3.572800000000000153e+01,2.864099999999999824e+01,2.300000000000000000e+01,2.300000000000000000e+01
3.593524694442749023e+02,1.413867629435126894e+00,0.000000000000000000e+00,3.567900000000000205e+01,2.869000000000000128e+01,2.300000000000000000e+01,2.300000000000000000e+01
3.605583422183990479e+02,0.000000000000000000e+00,0.000000000000000000e+00,3.567900000000000205e+01,2.873900000000000077e+01,2.300000000000000000e+01,2.300000000000000000e+01
3.618052160739898682e+02,1.592612386564426608e+00,0.000000000000000000e+00,3.563100000000000023e+01,2.869000000000000128e+01,2.300000000000000000e+01,2.300000000000000000e+01
3.630213696956634521e+02,0.000000000000000000e+00,0.000000000000000000e+00,3.567900000000000205e+01,2.878800000000000026e+01,2.300000000000000000e+01,2.300000000000000000e+01
3.642314012050628662e+02,0.000000000000000000e+00,0.000000000000000000e+00,3.567900000000000205e+01,2.869000000000000128e+01,2.300000000000000000e+01,2.300000000000000000e+01
3.654428889751434326e+02,0.000000000000000000e+00,0.000000000000000000e+00,3.567900000000000205e+01,2.869000000000000128e+01,2.300000000000000000e+01,2.300000000000000000e+01
3.666712450981140137e+02,0.000000000000000000e+00,0.000000000000000000e+00,3.572800000000000153e+01,2.869000000000000128e+01,2.300000000000000000e+01,2.300000000000000000e+01
3.679681580066680908e+02,2.499073431736595907e-01,0.000000000000000000e+00,3.567900000000000205e+01,2.869000000000000128e+01,2.300000000000000000e+01,2.300000000000000000e+01
3.691871271133422852e+02,0.000000000000000000e+00,0.000000000000000000e+00,3.567900000000000205e+01,2.883699999999999974e+01,2.300000000000000000e+01,2.300000000000000000e+01
3.704299764633178711e+02,0.000000000000000000e+00,0.000000000000000000e+00,3.572800000000000153e+01,2.873900000000000077e+01,2.300000000000000000e+01,2.300000000000000000e+01
3.716659204959869385e+02,0.000000000000000000e+00,0.000000000000000000e+00,3.572800000000000153e+01,2.883699999999999974e+01,2.300000000000000000e+01,2.300000000000000000e+01
3.728976814746856689e+02,0.000000000000000000e+00,0.000000000000000000e+00,3.572800000000000153e+01,2.888599999999999923e+01,2.300000000000000000e+01,2.300000000000000000e+01
3.742331254482269287e+02,0.000000000000000000e+00,0.000000000000000000e+00,3.577700000000000102e+01,2.878800000000000026e+01,2.300000000000000000e+01,2.300000000000000000e+01
3.755186483860015869e+02,4.881741323783118425e+00,0.000000000000000000e+00,3.567900000000000205e+01,2.888599999999999923e+01,2.300000000000000000e+01,2.300000000000000000e+01
3.767139937877655029e+02,0.000000000000000000e+00,0.000000000000000000e+00,3.577700000000000102e+01,2.869000000000000128e+01,2.300000000000000000e+01,2.300000000000000000e+01
3.779085249900817871e+02,4.278436717392631650e+00,0.000000000000000000e+00,3.567900000000000205e+01,2.878800000000000026e+01,2.300000000000000000e+01,2.300000000000000000e+01
3.790950071811676025e+02,0.000000000000000000e+00,0.000000000000000000e+00,3.563100000000000023e+01,2.883699999999999974e+01,2.300000000000000000e+01,2.300000000000000000e+01
3.802833824157714844e+02,0.000000000000000000e+00,0.000000000000000000e+00,3.567900000000000205e+01,2.888599999999999923e+01,2.300000000000000000e+01,2.300000000000000000e+01
3.814721167087554932e+02,0.000000000000000000e+00,0.000000000000000000e+00,3.567900000000000205e+01,2.878800000000000026e+01,2.300000000000000000e+01,2.300000000000000000e+01
3.826582293510437012e+02,0.000000000000000000e+00,0.000000000000000000e+00,3.563100000000000023e+01,2.878800000000000026e+01,2.300000000000000000e+01,2.300000000000000000e+01
3.838969264030456543e+02,0.000000000000000000e+00,0.000000000000000000e+00,3.567900000000000205e+01,2.883699999999999974e+01,2.300000000000000000e+01,2.300000000000000000e+01
3.851333332061767578e+02,0.000000000000000000e+00,0.000000000000000000e+00,3.567900000000000205e+01,2.878800000000000026e+01,2.300000000000000000e+01,2.300000000000000000e+01
3.863476173877716064e+02,0.000000000000000000e+00,0.000000000000000000e+00,3.567900000000000205e+01,2.878800000000000026e+01,2.300000000000000000e+01,2.300000000000000000e+01
3.875742709636688232e+02,0.000000000000000000e+00,0.000000000000000000e+00,3.567900000000000205e+01,2.883699999999999974e+01,2.300000000000000000e+01,2.300000000000000000e+01
3.888256723880767822e+02,0.000000000000000000e+00,0.000000000000000000e+00,3.567900000000000205e+01,2.878800000000000026e+01,2.300000000000000000e+01,2.300000000000000000e+01
3.900321671962738037e+02,0.000000000000000000e+00,0.000000000000000000e+00,3.567900000000000205e+01,2.878800000000000026e+01,2.300000000000000000e+01,2.300000000000000000e+01
3.912385368347167969e+02,0.000000000000000000e+00,0.000000000000000000e+00,3.567900000000000205e+01,2.864099999999999824e+01,2.300000000000000000e+01,2.300000000000000000e+01
3.924741971492767334e+02,0.000000000000000000e+00,0.000000000000000000e+00,3.567900000000000205e+01,2.878800000000000026e+01,2.300000000000000000e+01,2.300000000000000000e+01
3.936623833179473877e+02,0.000000000000000000e+00,0.000000000000000000e+00,3.563100000000000023e+01,2.873900000000000077e+01,2.300000000000000000e+01,2.300000000000000000e+01
3.948424520492553711e+02,6.378835929165650676e+00,0.000000000000000000e+00,3.553300000000000125e+01,2.859199999999999875e+01,2.300000000000000000e+01,2.300000000000000000e+01
3.960314273834228516e+02,0.000000000000000000e+00,0.000000000000000000e+00,3.558200000000000074e+01,2.878800000000000026e+01,2.300000000000000000e+01,2.300000000000000000e+01
3.972243871688842773e+02,0.000000000000000000e+00,0.000000000000000000e+00,3.558200000000000074e+01,2.873900000000000077e+01,2.300000000000000000e+01,2.300000000000000000e+01
3.984069783687591553e+02,0.000000000000000000e+00,0.000000000000000000e+00,3.563100000000000023e+01,2.864099999999999824e+01,2.300000000000000000e+01,2.300000000000000000e+01
3.996546304225921631e+02,0.000000000000000000e+00,0.000000000000000000e+00,3.567900000000000205e+01,2.878800000000000026e+01,2.300000000000000000e+01,2.300000000000000000e+01
4.008356745243072510e+02,1.717610019776077834e+01,0.000000000000000000e+00,3.548400000000000176e+01,2.873900000000000077e+01,2.300000000000000000e+01,2.300000000000000000e+01
4.020402975082397461e+02,0.000000000000000000e+00,0.000000000000000000e+00,3.553300000000000125e+01,2.878800000000000026e+01,2.300000000000000000e+01,2.300000000000000000e+01
4.032270317077636719e+02,1.343257272299955218e+01,0.000000000000000000e+00,3.538600000000000279e+01,2.888599999999999923e+01,2.300000000000000000e+01,2.300000000000000000e+01
4.044350545406341553e+02,3.526734544060633247e+00,0.000000000000000000e+00,3.533700000000000330e+01,2.869000000000000128e+01,2.300000000000000000e+01,2.300000000000000000e+01
4.056210749149322510e+02,1.629444496828525857e+01,0.000000000000000000e+00,3.519100000000000250e+01,2.854299999999999926e+01,2.300000000000000000e+01,2.300000000000000000e+01
4.068071877956390381e+02,5.261615835096433713e-01,0.000000000000000000e+00,3.519100000000000250e+01,2.873900000000000077e+01,2.300000000000000000e+01,2.300000000000000000e+01
4.079883363246917725e+02,0.000000000000000000e+00,0.000000000000000000e+00,3.523899999999999721e+01,2.873900000000000077e+01,2.300000000000000000e+01,2.300000000000000000e+01
4.091694281101226807e+02,0.000000000000000000e+00,0.000000000000000000e+00,3.523899999999999721e+01,2.873900000000000077e+01,2.300000000000000000e+01,2.300000000000000000e+01
4.103560683727264404e+02,0.000000000000000000e+00,0.000000000000000000e+00,3.523899999999999721e+01,2.883699999999999974e+01,2.300000000000000000e+01,2.300000000000000000e+01
4.115220599174499512e+02,0.000000000000000000e+00,0.000000000000000000e+00,3.523899999999999721e+01,2.878800000000000026e+01,2.300000000000000000e+01,2.300000000000000000e+01
4.127052500247955322e+02,0.000000000000000000e+00,0.000000000000000000e+00,3.523899999999999721e+01,2.878800000000000026e+01,2.300000000000000000e+01,2.300000000000000000e+01
4.138712103366851807e+02,0.000000000000000000e+00,0.000000000000000000e+00,3.528799999999999670e+01,2.873900000000000077e+01,2.300000000000000000e+01,2.300000000000000000e+01
4.150423479080200195e+02,0.000000000000000000e+00,0.000000000000000000e+00,3.533700000000000330e+01,2.888599999999999923e+01,2.300000000000000000e+01,2.300000000000000000e+01
4.162063848972320557e+02,9.937842644215358234e+00,0.000000000000000000e+00,3.523899999999999721e+01,2.864099999999999824e+01,2.300000000000000000e+01,2.300000000000000000e+01
4.173925657272338867e+02,0.000000000000000000e+00,0.000000000000000000e+00,3.538600000000000279e+01,2.878800000000000026e+01,2.300000000000000000e+01,2.300000000000000000e+01
4.185683999061584473e+02,2.675533052275525847e+00,0.000000000000000000e+00,3.533700000000000330e+01,2.878800000000000026e+01,2.300000000000000000e+01,2.300000000000000000e+01
4.197490439414978027e+02,0.000000000000000000e+00,0.000000000000000000e+00,3.538600000000000279e+01,2.864099999999999824e+01,2.300000000000000000e+01,2.300000000000000000e+01
4.209170210361480713e+02,8.518648080159323399e+00,0.000000000000000000e+00,3.528799999999999670e+01,2.873900000000000077e+01,2.300000000000000000e+01,2.300000000000000000e+01
4.220869493484497070e+02,0.000000000000000000e+00,0.000000000000000000e+00,3.538600000000000279e+01,2.883699999999999974e+01,2.300000000000000000e+01,2.300000000000000000e+01
4.232610714435577393e+02,0.000000000000000000e+00,0.000000000000000000e+00,3.548400000000000176e+01,2.878800000000000026e+01,2.300000000000000000e+01,2.300000000000000000e+01
4.244392783641815186e+02,3.053935965755139037e-01,0.000000000000000000e+00,3.543500000000000227e+01,2.873900000000000077e+01,2.300000000000000000e+01,2.300000000000000000e+01
4.256440849304199219e+02,0.000000000000000000e+00,0.000000000000000000e+00,3.543500000000000227e+01,2.888599999999999923e+01,2.300000000000000000e+01,2.300000000000000000e+01
4.268798005580902100e+02,8.262951458144902617e-01,0.000000000000000000e+00,3.538600000000000279e+01,2.873900000000000077e+01,2.300000000000000000e+01,2.300000000000000000e+01
4.280481264591217041e+02,0.000000000000000000e+00,0.000000000000000000e+00,3.553300000000000125e+01,2.869000000000000128e+01,2.300000000000000000e+01,2.300000000000000000e+01
4.292164459228515625e+02,1.095360386905336725e+01,0.000000000000000000e+00,3.538600000000000279e+01,2.878800000000000026e+01,2.300000000000000000e+01,2.300000000000000000e+01
4.303965055942535400e+02,0.000000000000000000e+00,0.000000000000000000e+00,3.558200000000000074e+01,2.878800000000000026e+01,2.300000000000000000e+01,2.300000000000000000e+01
4.315808105468750000e+02,0.000000000000000000e+00,0.000000000000000000e+00,3.558200000000000074e+01,2.888599999999999923e+01,2.300000000000000000e+01,2.300000000000000000e+01
4.327590711116790771e+02,0.000000000000000000e+00,0.000000000000000000e+00,3.558200000000000074e+01,2.883699999999999974e+01,2.300000000000000000e+01,2.300000000000000000e+01
4.339505796432495117e+02,0.000000000000000000e+00,0.000000000000000000e+00,3.558200000000000074e+01,2.883699999999999974e+01,2.300000000000000000e+01,2.300000000000000000e+01
4.351394422054290771e+02,3.560681939648438821e+00,0.000000000000000000e+00,3.548400000000000176e+01,2.873900000000000077e+01,2.300000000000000000e+01,2.300000000000000000e+01
4.363265063762664795e+02,0.000000000000000000e+00,0.000000000000000000e+00,3.548400000000000176e+01,2.883699999999999974e+01,2.300000000000000000e+01,2.300000000000000000e+01
4.375151052474975586e+02,0.000000000000000000e+00,0.000000000000000000e+00,3.548400000000000176e+01,2.869000000000000128e+01,2.300000000000000000e+01,2.300000000000000000e+01
4.387050490379333496e+02,0.000000000000000000e+00,0.000000000000000000e+00,3.563100000000000023e+01,2.893499999999999872e+01,2.300000000000000000e+01,2.300000000000000000e+01
4.398913774490356445e+02,0.000000000000000000e+00,0.000000000000000000e+00,3.567900000000000205e+01,2.873900000000000077e+01,2.300000000000000000e+01,2.300000000000000000e+01
4.411007049083709717e+02,0.000000000000000000e+00,0.000000000000000000e+00,3.567900000000000205e+01,2.888599999999999923e+01,2.300000000000000000e+01,2.300000000000000000e+01
4.422732677459716797e+02,0.000000000000000000e+00,0.000000000000000000e+00,3.567900000000000205e+01,2.878800000000000026e+01,2.300000000000000000e+01,2.300000000000000000e+01
4.434423525333404541e+02,0.000000000000000000e+00,0.000000000000000000e+00,3.567900000000000205e+01,2.883699999999999974e+01,2.300000000000000000e+01,2.300000000000000000e+01
4.446299080848693848e+02,0.000000000000000000e+00,0.000000000000000000e+00,3.567900000000000205e+01,2.878800000000000026e+01,2.300000000000000000e+01,2.300000000000000000e+01
4.458179235458374023e+02,0.000000000000000000e+00,0.000000000000000000e+00,3.567900000000000205e+01,2.883699999999999974e+01,2.300000000000000000e+01,2.300000000000000000e+01
4.470072467327117920e+02,0.000000000000000000e+00,0.000000000000000000e+00,3.567900000000000205e+01,2.883699999999999974e+01,2.300000000000000000e+01,2.300000000000000000e+01
4.482536811828613281e+02,0.000000000000000000e+00,0.000000000000000000e+00,3.572800000000000153e+01,2.878800000000000026e+01,2.300000000000000000e+01,2.300000000000000000e+01
4.494467227458953857e+02,0.000000000000000000e+00,0.000000000000000000e+00,3.567900000000000205e+01,2.883699999999999974e+01,2.300000000000000000e+01,2.300000000000000000e+01
4.506353271007537842e+02,0.000000000000000000e+00,0.000000000000000000e+00,3.567900000000000205e+01,2.883699999999999974e+01,2.300000000000000000e+01,2.300000000000000000e+01
4.518305726051330566e+02,0.000000000000000000e+00,0.000000000000000000e+00,3.567900000000000205e+01,2.878800000000000026e+01,2.300000000000000000e+01,2.300000000000000000e+01
4.530193681716918945e+02,0.000000000000000000e+00,0.000000000000000000e+00,3.567900000000000205e+01,2.893499999999999872e+01,2.300000000000000000e+01,2.300000000000000000e+01
4.542028872966766357e+02,0.000000000000000000e+00,0.000000000000000000e+00,3.567900000000000205e+01,2.869000000000000128e+01,2.300000000000000000e+01,2.300000000000000000e+01
4.553942756652832031e+02,0.000000000000000000e+00,0.000000000000000000e+00,3.572800000000000153e+01,2.898300000000000054e+01,2.300000000000000000e+01,2.300000000000000000e+01
4.565876748561859131e+02,0.000000000000000000e+00,0.000000000000000000e+00,3.567900000000000205e+01,2.873900000000000077e+01,2.300000000000000000e+01,2.300000000000000000e+01
4.577729034423828125e+02,0.000000000000000000e+00,0.000000000000000000e+00,3.572800000000000153e+01,2.878800000000000026e+01,2.300000000000000000e+01,2.300000000000000000e+01
4.589533507823944092e+02,0.000000000000000000e+00,0.000000000000000000e+00,3.572800000000000153e+01,2.873900000000000077e+01,2.300000000000000000e+01,2.300000000000000000e+01
4.601413376331329346e+02,0.000000000000000000e+00,0.000000000000000000e+00,3.572800000000000153e+01,2.878800000000000026e+01,2.300000000000000000e+01,2.300000000000000000e+01
4.613285250663757324e+02,0.000000000000000000e+00,0.000000000000000000e+00,3.567900000000000205e+01,2.878800000000000026e+01,2.300000000000000000e+01,2.300000000000000000e+01
4.625037813186645508e+02,0.000000000000000000e+00,0.000000000000000000e+00,3.567900000000000205e+01,2.883699999999999974e+01,2.300000000000000000e+01,2.300000000000000000e+01
4.636903436183929443e+02,0.000000000000000000e+00,0.000000000000000000e+00,3.572800000000000153e+01,2.873900000000000077e+01,2.300000000000000000e+01,2.300000000000000000e+01
4.648771505355834961e+02,0.000000000000000000e+00,0.000000000000000000e+00,3.567900000000000205e+01,2.888599999999999923e+01,2.300000000000000000e+01,2.300000000000000000e+01
4.660682275295257568e+02,0.000000000000000000e+00,0.000000000000000000e+00,3.563100000000000023e+01,2.878800000000000026e+01,2.300000000000000000e+01,2.300000000000000000e+01
4.672526140213012695e+02,0.000000000000000000e+00,0.000000000000000000e+00,3.567900000000000205e+01,2.883699999999999974e+01,2.300000000000000000e+01,2.300000000000000000e+01
4.684510924816131592e+02,0.000000000000000000e+00,0.000000000000000000e+00,3.567900000000000205e+01,2.888599999999999923e+01,2.300000000000000000e+01,2.300000000000000000e+01
4.696425518989562988e+02,0.000000000000000000e+00,0.000000000000000000e+00,3.572800000000000153e+01,2.883699999999999974e+01,2.300000000000000000e+01,2.300000000000000000e+01
4.708155488967895508e+02,0.000000000000000000e+00,0.000000000000000000e+00,3.572800000000000153e+01,2.908099999999999952e+01,2.300000000000000000e+01,2.300000000000000000e+01
4.719812197685241699e+02,3.015766967777331331e-01,0.000000000000000000e+00,3.563100000000000023e+01,2.883699999999999974e+01,2.300000000000000000e+01,2.300000000000000000e+01
4.731518950462341309e+02,0.000000000000000000e+00,0.000000000000000000e+00,3.567900000000000205e+01,2.898300000000000054e+01,2.300000000000000000e+01,2.300000000000000000e+01
4.743284351825714111e+02,6.483284627287364543e-01,0.000000000000000000e+00,3.558200000000000074e+01,2.878800000000000026e+01,2.300000000000000000e+01,2.300000000000000000e+01
4.755182652473449707e+02,8.195410716145399732e+00,0.000000000000000000e+00,3.543500000000000227e+01,2.888599999999999923e+01,2.300000000000000000e+01,2.300000000000000000e+01
4.767052955627441406e+02,0.000000000000000000e+00,0.000000000000000000e+00,3.543500000000000227e+01,2.883699999999999974e+01,2.300000000000000000e+01,2.300000000000000000e+01
4.779054515361785889e+02,1.667367318985116142e+01,0.000000000000000000e+00,3.523899999999999721e+01,2.859199999999999875e+01,2.300000000000000000e+01,2.300000000000000000e+01
4.790984506607055664e+02,0.000000000000000000e+00,0.000000000000000000e+00,3.528799999999999670e+01,2.888599999999999923e+01,2.300000000000000000e+01,2.300000000000000000e+01
4.802866294384002686e+02,7.559013155555396324e-01,0.000000000000000000e+00,3.523899999999999721e+01,2.883699999999999974e+01,2.300000000000000000e+01,2.300000000000000000e+01
4.814819459915161133e+02,0.000000000000000000e+00,0.000000000000000000e+00,3.523899999999999721e+01,2.878800000000000026e+01,2.300000000000000000e+01,2.300000000000000000e+01
4.826773898601531982e+02,1.325594565779407930e+00,0.000000000000000000e+00,3.519100000000000250e+01,2.878800000000000026e+01,2.300000000000000000e+01,2.300000000000000000e+01
4.838783969879150391e+02,0.000000000000000000e+00,0.000000000000000000e+00,3.519100000000000250e+01,2.883699999999999974e+01,2.300000000000000000e+01,2.300000000000000000e+01
4.850616798400878906e+02,0.000000000000000000e+00,0.000000000000000000e+00,3.538600000000000279e+01,2.888599999999999923e+01,2.300000000000000000e+01,2.300000000000000000e+01
4.862447624206542969e+02,1.686130314000447328e+01,0.000000000000000000e+00,3.519100000000000250e+01,2.883699999999999974e+01,2.300000000000000000e+01,2.300000000000000000e+01
4.874340507984161377e+02,0.000000000000000000e+00,0.000000000000000000e+00,3.519100000000000250e+01,2.878800000000000026e+01,2.300000000000000000e+01,2.300000000000000000e+01
4.887849121093750000e+02,0.000000000000000000e+00,0.000000000000000000e+00,3.519100000000000250e+01,2.883699999999999974e+01,2.300000000000000000e+01,2.300000000000000000e+01
4.899895970821380615e+02,0.000000000000000000e+00,0.000000000000000000e+00,3.519100000000000250e+01,2.883699999999999974e+01,2.300000000000000000e+01,2.300000000000000000e+01
4.911836123466491699e+02,0.000000000000000000e+00,0.000000000000000000e+00,3.519100000000000250e+01,2.893499999999999872e+01,2.300000000000000000e+01,2.300000000000000000e+01
4.924801654815673828e+02,0.000000000000000000e+00,0.000000000000000000e+00,3.519100000000000250e+01,2.883699999999999974e+01,2.300000000000000000e+01,2.300000000000000000e+01
