Tiempo (s), Cal1 (%), Cal2 (%), Temp1 (°C), Temp2 (°C), Set1 (°C), Set2 (°C)
0.000000000000000000e+00,0.000000000000000000e+00,0.000000000000000000e+00,2.839699999999999847e+01,2.727299999999999969e+01,2.300000000000000000e+01,2.300000000000000000e+01
1.000216245651245117e+00,6.693516575261531898e+01,0.000000000000000000e+00,2.839699999999999847e+01,2.732199999999999918e+01,2.300000000000000000e+01,2.300000000000000000e+01
2.191781282424926758e+00,7.621280344523061956e+01,0.000000000000000000e+00,2.839699999999999847e+01,2.727299999999999969e+01,2.300000000000000000e+01,2.300000000000000000e+01
3.385557889938354492e+00,7.981853016784592114e+01,0.000000000000000000e+00,2.839699999999999847e+01,2.727299999999999969e+01,2.300000000000000000e+01,2.300000000000000000e+01
4.559679508209228516e+00,8.292753977371455676e+01,0.000000000000000000e+00,2.844600000000000151e+01,2.717500000000000071e+01,2.300000000000000000e+01,2.300000000000000000e+01
5.880965948104858398e+00,8.596770124283652592e+01,0.000000000000000000e+00,2.849500000000000099e+01,2.707700000000000173e+01,2.300000000000000000e+01,2.300000000000000000e+01
7.049221038818359375e+00,9.146469066894516686e+01,0.000000000000000000e+00,2.829899999999999949e+01,2.741900000000000048e+01,2.300000000000000000e+01,2.300000000000000000e+01
8.236538648605346680e+00,9.429886045156048624e+01,0.000000000000000000e+00,2.839699999999999847e+01,2.717500000000000071e+01,2.300000000000000000e+01,2.300000000000000000e+01
9.438139200210571289e+00,9.682697192068245329e+01,0.000000000000000000e+00,2.849500000000000099e+01,2.732199999999999918e+01,2.300000000000000000e+01,2.300000000000000000e+01
1.061843776702880859e+01,9.980842233707303990e+01,0.000000000000000000e+00,2.854299999999999926e+01,2.727299999999999969e+01,2.300000000000000000e+01,2.300000000000000000e+01
1.180836081504821777e+01,1.000000000000000000e+02,0.000000000000000000e+00,2.859199999999999875e+01,2.727299999999999969e+01,2.300000000000000000e+01,2.300000000000000000e+01
1.298228669166564941e+01,1.000000000000000000e+02,0.000000000000000000e+00,2.873900000000000077e+01,2.727299999999999969e+01,2.300000000000000000e+01,2.300000000000000000e+01
1.414522218704223633e+01,1.000000000000000000e+02,0.000000000000000000e+00,2.864099999999999824e+01,2.707700000000000173e+01,2.300000000000000000e+01,2.300000000000000000e+01
1.532587432861328125e+01,1.000000000000000000e+02,0.000000000000000000e+00,2.869000000000000128e+01,2.732199999999999918e+01,2.300000000000000000e+01,2.300000000000000000e+01
1.651768994331359863e+01,1.000000000000000000e+02,0.000000000000000000e+00,2.869000000000000128e+01,2.722400000000000020e+01,2.300000000000000000e+01,2.300000000000000000e+01
1.771011590957641602e+01,1.000000000000000000e+02,0.000000000000000000e+00,2.878800000000000026e+01,2.712600000000000122e+01,2.300000000000000000e+01,2.300000000000000000e+01
1.890537810325622559e+01,1.000000000000000000e+02,0.000000000000000000e+00,2.878800000000000026e+01,2.722400000000000020e+01,2.300000000000000000e+01,2.300000000000000000e+01
2.010436511039733887e+01,9.960571836623704201e+01,0.000000000000000000e+00,2.888599999999999923e+01,2.737000000000000099e+01,2.300000000000000000e+01,2.300000000000000000e+01
2.127100753784179688e+01,1.000000000000000000e+02,0.000000000000000000e+00,2.893499999999999872e+01,2.727299999999999969e+01,2.300000000000000000e+01,2.300000000000000000e+01
2.250572514533996582e+01,1.000000000000000000e+02,0.000000000000000000e+00,2.893499999999999872e+01,2.722400000000000020e+01,2.300000000000000000e+01,2.300000000000000000e+01
2.368527603149414062e+01,9.885454351544305496e+01,0.000000000000000000e+00,2.927700000000000102e+01,2.722400000000000020e+01,2.300000000000000000e+01,2.300000000000000000e+01
2.486721158027648926e+01,1.000000000000000000e+02,0.000000000000000000e+00,2.932600000000000051e+01,2.737000000000000099e+01,2.300000000000000000e+01,2.300000000000000000e+01
2.604653382301330566e+01,1.000000000000000000e+02,0.000000000000000000e+00,2.942299999999999827e+01,2.732199999999999918e+01,2.300000000000000000e+01,2.300000000000000000e+01
2.723354125022888184e+01,1.000000000000000000e+02,0.000000000000000000e+00,2.927700000000000102e+01,2.727299999999999969e+01,2.300000000000000000e+01,2.300000000000000000e+01
2.839019608497619629e+01,9.970921914167767852e+01,0.000000000000000000e+00,2.947200000000000131e+01,2.712600000000000122e+01,2.300000000000000000e+01,2.300000000000000000e+01
2.957380867004394531e+01,1.000000000000000000e+02,0.000000000000000000e+00,2.957000000000000028e+01,2.732199999999999918e+01,2.300000000000000000e+01,2.300000000000000000e+01
3.076395487785339355e+01,1.000000000000000000e+02,0.000000000000000000e+00,2.961899999999999977e+01,2.732199999999999918e+01,2.300000000000000000e+01,2.300000000000000000e+01
3.195262646675109863e+01,9.896725898470100447e+01,0.000000000000000000e+00,2.981400000000000006e+01,2.727299999999999969e+01,2.300000000000000000e+01,2.300000000000000000e+01
3.314071273803710938e+01,1.000000000000000000e+02,0.000000000000000000e+00,2.981400000000000006e+01,2.712600000000000122e+01,2.300000000000000000e+01,2.300000000000000000e+01
3.433634757995605469e+01,1.000000000000000000e+02,0.000000000000000000e+00,2.976500000000000057e+01,2.717500000000000071e+01,2.300000000000000000e+01,2.300000000000000000e+01
3.553256273269653320e+01,9.968691782073770469e+01,0.000000000000000000e+00,3.001000000000000156e+01,2.717500000000000071e+01,2.300000000000000000e+01,2.300000000000000000e+01
3.672586631774902344e+01,9.923120899030975295e+01,0.000000000000000000e+00,3.030300000000000082e+01,2.727299999999999969e+01,2.300000000000000000e+01,2.300000000000000000e+01
3.793278312683105469e+01,1.000000000000000000e+02,0.000000000000000000e+00,3.025400000000000134e+01,2.727299999999999969e+01,2.300000000000000000e+01,2.300000000000000000e+01
3.913852405548095703e+01,1.000000000000000000e+02,0.000000000000000000e+00,3.044999999999999929e+01,2.732199999999999918e+01,2.300000000000000000e+01,2.300000000000000000e+01
4.034107923507690430e+01,9.795128030667044072e+01,0.000000000000000000e+00,3.064499999999999957e+01,2.712600000000000122e+01,2.300000000000000000e+01,2.300000000000000000e+01
4.154411005973815918e+01,9.916849535953785733e+01,0.000000000000000000e+00,3.074299999999999855e+01,2.717500000000000071e+01,2.300000000000000000e+01,2.300000000000000000e+01
4.273925995826721191e+01,1.000000000000000000e+02,0.000000000000000000e+00,3.084100000000000108e+01,2.717500000000000071e+01,2.300000000000000000e+01,2.300000000000000000e+01
4.391725134849548340e+01,9.736117055244723417e+01,0.000000000000000000e+00,3.113400000000000034e+01,2.717500000000000071e+01,2.300000000000000000e+01,2.300000000000000000e+01
4.509942984580993652e+01,9.872389150860998086e+01,0.000000000000000000e+00,3.118299999999999983e+01,2.707700000000000173e+01,2.300000000000000000e+01,2.300000000000000000e+01
4.628621888160705566e+01,9.928615124854799490e+01,0.000000000000000000e+00,3.132900000000000063e+01,2.717500000000000071e+01,2.300000000000000000e+01,2.300000000000000000e+01
4.746933913230895996e+01,1.000000000000000000e+02,0.000000000000000000e+00,3.132900000000000063e+01,2.722400000000000020e+01,2.300000000000000000e+01,2.300000000000000000e+01
4.864440917968750000e+01,1.000000000000000000e+02,0.000000000000000000e+00,3.142699999999999960e+01,2.732199999999999918e+01,2.300000000000000000e+01,2.300000000000000000e+01
4.983521676063537598e+01,9.810089269800609202e+01,0.000000000000000000e+00,3.162300000000000111e+01,2.722400000000000020e+01,2.300000000000000000e+01,2.300000000000000000e+01
5.102620434761047363e+01,9.879332545798615683e+01,0.000000000000000000e+00,3.171999999999999886e+01,2.712600000000000122e+01,2.300000000000000000e+01,2.300000000000000000e+01
5.221970891952514648e+01,1.000000000000000000e+02,0.000000000000000000e+00,3.171999999999999886e+01,2.727299999999999969e+01,2.300000000000000000e+01,2.300000000000000000e+01
5.341247916221618652e+01,1.000000000000000000e+02,0.000000000000000000e+00,3.171999999999999886e+01,2.722400000000000020e+01,2.300000000000000000e+01,2.300000000000000000e+01
5.469177770614624023e+01,9.801754061423291375e+01,0.000000000000000000e+00,3.196499999999999986e+01,2.732199999999999918e+01,2.300000000000000000e+01,2.300000000000000000e+01
5.587980556488037109e+01,9.599753996726832384e+01,0.000000000000000000e+00,3.230700000000000216e+01,2.722400000000000020e+01,2.300000000000000000e+01,2.300000000000000000e+01
5.709798836708068848e+01,9.816777694379705110e+01,0.000000000000000000e+00,3.220900000000000318e+01,2.722400000000000020e+01,2.300000000000000000e+01,2.300000000000000000e+01
5.827219653129577637e+01,9.828589919008587117e+01,0.000000000000000000e+00,3.235600000000000165e+01,2.727299999999999969e+01,2.300000000000000000e+01,2.300000000000000000e+01
5.945999956130981445e+01,9.514313038967003422e+01,0.000000000000000000e+00,3.279599999999999937e+01,2.717500000000000071e+01,2.300000000000000000e+01,2.300000000000000000e+01
6.063545179367065430e+01,9.696215615274746824e+01,0.000000000000000000e+00,3.269800000000000040e+01,2.732199999999999918e+01,2.300000000000000000e+01,2.300000000000000000e+01
6.180045390129089355e+01,9.730996532233163521e+01,0.000000000000000000e+00,3.279599999999999937e+01,2.727299999999999969e+01,2.300000000000000000e+01,2.300000000000000000e+01
6.296299719810485840e+01,9.694931716569105618e+01,0.000000000000000000e+00,3.294200000000000017e+01,2.727299999999999969e+01,2.300000000000000000e+01,2.300000000000000000e+01
6.414034533500671387e+01,9.496742224857059966e+01,0.000000000000000000e+00,3.323599999999999710e+01,2.741900000000000048e+01,2.300000000000000000e+01,2.300000000000000000e+01
6.531926655769348145e+01,9.617487086819676279e+01,0.000000000000000000e+00,3.318699999999999761e+01,2.751699999999999946e+01,2.300000000000000000e+01,2.300000000000000000e+01
6.656825971603393555e+01,9.473354506810491671e+01,0.000000000000000000e+00,3.343099999999999739e+01,2.737000000000000099e+01,2.300000000000000000e+01,2.300000000000000000e+01
6.774206733703613281e+01,9.290729313829501734e+01,0.000000000000000000e+00,3.367499999999999716e+01,2.746799999999999997e+01,2.300000000000000000e+01,2.300000000000000000e+01
6.891808438301086426e+01,9.292453053173848332e+01,0.000000000000000000e+00,3.372399999999999665e+01,2.732199999999999918e+01,2.300000000000000000e+01,2.300000000000000000e+01
7.010360860824584961e+01,9.159236199819527258e+01,0.000000000000000000e+00,3.392000000000000171e+01,2.741900000000000048e+01,2.300000000000000000e+01,2.300000000000000000e+01
7.128352618217468262e+01,8.805016004469413815e+01,0.000000000000000000e+00,3.431099999999999994e+01,2.727299999999999969e+01,2.300000000000000000e+01,2.300000000000000000e+01
7.246588087081909180e+01,8.908397418468628359e+01,0.000000000000000000e+00,3.421300000000000097e+01,2.732199999999999918e+01,2.300000000000000000e+01,2.300000000000000000e+01
7.365397977828979492e+01,8.810776410443848761e+01,0.000000000000000000e+00,3.435999999999999943e+01,2.737000000000000099e+01,2.300000000000000000e+01,2.300000000000000000e+01
7.483798027038574219e+01,8.536081432772601829e+01,0.000000000000000000e+00,3.465299999999999869e+01,2.737000000000000099e+01,2.300000000000000000e+01,2.300000000000000000e+01
7.602443861961364746e+01,8.480190082426690878e+01,0.000000000000000000e+00,3.470199999999999818e+01,2.732199999999999918e+01,2.300000000000000000e+01,2.300000000000000000e+01
7.721523904800415039e+01,8.294580898783640066e+01,0.000000000000000000e+00,3.489699999999999847e+01,2.727299999999999969e+01,2.300000000000000000e+01,2.300000000000000000e+01
7.840052843093872070e+01,7.985424886092594932e+01,0.000000000000000000e+00,3.519100000000000250e+01,2.722400000000000020e+01,2.300000000000000000e+01,2.300000000000000000e+01
7.959199190139770508e+01,7.901082563128414904e+01,0.000000000000000000e+00,3.523899999999999721e+01,2.732199999999999918e+01,2.300000000000000000e+01,2.300000000000000000e+01
8.078944683074951172e+01,7.834236530489566519e+01,0.000000000000000000e+00,3.528799999999999670e+01,2.737000000000000099e+01,2.300000000000000000e+01,2.300000000000000000e+01
8.198117518424987793e+01,7.466598566128057257e+01,0.000000000000000000e+00,3.563100000000000023e+01,2.732199999999999918e+01,2.300000000000000000e+01,2.300000000000000000e+01
8.317654585838317871e+01,7.304348223818742269e+01,0.000000000000000000e+00,3.572800000000000153e+01,2.737000000000000099e+01,2.300000000000000000e+01,2.300000000000000000e+01
8.434182262420654297e+01,7.305933544184095751e+01,0.000000000000000000e+00,3.567900000000000205e+01,2.741900000000000048e+01,2.300000000000000000e+01,2.300000000000000000e+01
8.551581120491027832e+01,6.827032472878984493e+01,0.000000000000000000e+00,3.611899999999999977e+01,2.732199999999999918e+01,2.300000000000000000e+01,2.300000000000000000e+01
8.668259882926940918e+01,6.728131230573873722e+01,0.000000000000000000e+00,3.611899999999999977e+01,2.746799999999999997e+01,2.300000000000000000e+01,2.300000000000000000e+01
8.785015439987182617e+01,6.567682124919433306e+01,0.000000000000000000e+00,3.621699999999999875e+01,2.751699999999999946e+01,2.300000000000000000e+01,2.300000000000000000e+01
8.901640391349792480e+01,6.393463391915661731e+01,0.000000000000000000e+00,3.631499999999999773e+01,2.756599999999999895e+01,2.300000000000000000e+01,2.300000000000000000e+01
9.017463302612304688e+01,5.966548283590757507e+01,0.000000000000000000e+00,3.665699999999999648e+01,2.756599999999999895e+01,2.300000000000000000e+01,2.300000000000000000e+01
9.134456300735473633e+01,5.896358072940515171e+01,0.000000000000000000e+00,3.660799999999999699e+01,2.737000000000000099e+01,2.300000000000000000e+01,2.300000000000000000e+01
9.251141691207885742e+01,5.713414998940936584e+01,0.000000000000000000e+00,3.670600000000000307e+01,2.751699999999999946e+01,2.300000000000000000e+01,2.300000000000000000e+01
9.367823338508605957e+01,5.562164958266701120e+01,0.000000000000000000e+00,3.675500000000000256e+01,2.756599999999999895e+01,2.300000000000000000e+01,2.300000000000000000e+01
9.485108709335327148e+01,5.214775067620661275e+01,0.000000000000000000e+00,3.699900000000000233e+01,2.771300000000000097e+01,2.300000000000000000e+01,2.300000000000000000e+01
9.601959371566772461e+01,4.885968669275963805e+01,0.000000000000000000e+00,3.719500000000000028e+01,2.756599999999999895e+01,2.300000000000000000e+01,2.300000000000000000e+01
9.719380331039428711e+01,4.700611215658120301e+01,0.000000000000000000e+00,3.724300000000000210e+01,2.766400000000000148e+01,2.300000000000000000e+01,2.300000000000000000e+01
9.836634039878845215e+01,4.424988527016282802e+01,0.000000000000000000e+00,3.739000000000000057e+01,2.771300000000000097e+01,2.300000000000000000e+01,2.300000000000000000e+01
9.955832195281982422e+01,4.132834549350451425e+01,0.000000000000000000e+00,3.753699999999999903e+01,2.780999999999999872e+01,2.300000000000000000e+01,2.300000000000000000e+01
1.007338716983795166e+02,3.931996707009952274e+01,0.000000000000000000e+00,3.758599999999999852e+01,2.776099999999999923e+01,2.300000000000000000e+01,2.300000000000000000e+01
1.019279234409332275e+02,3.737914912396310996e+01,0.000000000000000000e+00,3.763400000000000034e+01,2.771300000000000097e+01,2.300000000000000000e+01,2.300000000000000000e+01
1.031039292812347412e+02,3.341597306409345691e+01,0.000000000000000000e+00,3.787899999999999778e+01,2.776099999999999923e+01,2.300000000000000000e+01,2.300000000000000000e+01
1.042836651802062988e+02,3.015335915799904853e+01,0.000000000000000000e+00,3.802499999999999858e+01,2.780999999999999872e+01,2.300000000000000000e+01,2.300000000000000000e+01
1.054583363533020020e+02,2.738263848841136294e+01,0.000000000000000000e+00,3.812299999999999756e+01,2.780999999999999872e+01,2.300000000000000000e+01,2.300000000000000000e+01
1.066344823837280273e+02,2.559306831882366851e+01,0.000000000000000000e+00,3.812299999999999756e+01,2.785900000000000176e+01,2.300000000000000000e+01,2.300000000000000000e+01
1.078096547126770020e+02,2.289424493574267316e+01,0.000000000000000000e+00,3.822099999999999653e+01,2.805499999999999972e+01,2.300000000000000000e+01,2.300000000000000000e+01
1.089891881942749023e+02,1.758427677945027767e+01,0.000000000000000000e+00,3.856300000000000239e+01,2.795700000000000074e+01,2.300000000000000000e+01,2.300000000000000000e+01
1.101648395061492920e+02,1.435140624966463108e+01,0.000000000000000000e+00,3.866100000000000136e+01,2.790800000000000125e+01,2.300000000000000000e+01,2.300000000000000000e+01
1.113405539989471436e+02,1.177133114313234152e+01,0.000000000000000000e+00,3.871000000000000085e+01,2.790800000000000125e+01,2.300000000000000000e+01,2.300000000000000000e+01
1.125187408924102783e+02,6.236423303388727746e+00,0.000000000000000000e+00,3.905199999999999960e+01,2.790800000000000125e+01,2.300000000000000000e+01,2.300000000000000000e+01
1.137639784812927246e+02,3.233239696898449367e+00,0.000000000000000000e+00,3.910099999999999909e+01,2.815200000000000102e+01,2.300000000000000000e+01,2.300000000000000000e+01
1.149402937889099121e+02,0.000000000000000000e+00,0.000000000000000000e+00,3.924699999999999989e+01,2.795700000000000074e+01,2.300000000000000000e+01,2.300000000000000000e+01
1.161138703823089600e+02,0.000000000000000000e+00,0.000000000000000000e+00,3.958899999999999864e+01,2.790800000000000125e+01,2.300000000000000000e+01,2.300000000000000000e+01
1.172947587966918945e+02,0.000000000000000000e+00,0.000000000000000000e+00,3.958899999999999864e+01,2.800600000000000023e+01,2.300000000000000000e+01,2.300000000000000000e+01
1.184728627204895020e+02,0.000000000000000000e+00,0.000000000000000000e+00,4.002900000000000347e+01,2.795700000000000074e+01,2.300000000000000000e+01,2.300000000000000000e+01
1.196548104286193848e+02,0.000000000000000000e+00,0.000000000000000000e+00,4.007800000000000296e+01,2.810399999999999920e+01,2.300000000000000000e+01,2.300000000000000000e+01
1.208406193256378174e+02,0.000000000000000000e+00,0.000000000000000000e+00,4.017600000000000193e+01,2.815200000000000102e+01,2.300000000000000000e+01,2.300000000000000000e+01
1.220214676856994629e+02,0.000000000000000000e+00,0.000000000000000000e+00,4.042000000000000171e+01,2.825000000000000000e+01,2.300000000000000000e+01,2.300000000000000000e+01
1.232040700912475586e+02,0.000000000000000000e+00,0.000000000000000000e+00,4.056700000000000017e+01,2.825000000000000000e+01,2.300000000000000000e+01,2.300000000000000000e+01
1.243871374130249023e+02,0.000000000000000000e+00,0.000000000000000000e+00,4.056700000000000017e+01,2.820100000000000051e+01,2.300000000000000000e+01,2.300000000000000000e+01
1.255689182281494141e+02,0.000000000000000000e+00,0.000000000000000000e+00,4.076200000000000045e+01,2.829899999999999949e+01,2.300000000000000000e+01,2.300000000000000000e+01
1.267481398582458496e+02,0.000000000000000000e+00,0.000000000000000000e+00,4.105599999999999739e+01,2.829899999999999949e+01,2.300000000000000000e+01,2.300000000000000000e+01
1.279315686225891113e+02,0.000000000000000000e+00,0.000000000000000000e+00,4.110499999999999687e+01,2.815200000000000102e+01,2.300000000000000000e+01,2.300000000000000000e+01
1.291129181385040283e+02,0.000000000000000000e+00,0.000000000000000000e+00,4.134899999999999665e+01,2.834799999999999898e+01,2.300000000000000000e+01,2.300000000000000000e+01
1.302911491394042969e+02,0.000000000000000000e+00,0.000000000000000000e+00,4.149600000000000222e+01,2.825000000000000000e+01,2.300000000000000000e+01,2.300000000000000000e+01
1.314782071113586426e+02,0.000000000000000000e+00,0.000000000000000000e+00,4.159300000000000352e+01,2.825000000000000000e+01,2.300000000000000000e+01,2.300000000000000000e+01
1.326690881252288818e+02,0.000000000000000000e+00,0.000000000000000000e+00,4.164200000000000301e+01,2.834799999999999898e+01,2.300000000000000000e+01,2.300000000000000000e+01
1.338520989418029785e+02,0.000000000000000000e+00,0.000000000000000000e+00,4.193500000000000227e+01,2.844600000000000151e+01,2.300000000000000000e+01,2.300000000000000000e+01
1.350383477210998535e+02,0.000000000000000000e+00,0.000000000000000000e+00,4.203300000000000125e+01,2.844600000000000151e+01,2.300000000000000000e+01,2.300000000000000000e+01
1.362273998260498047e+02,0.000000000000000000e+00,0.000000000000000000e+00,4.203300000000000125e+01,2.859199999999999875e+01,2.300000000000000000e+01,2.300000000000000000e+01
1.374166357517242432e+02,0.000000000000000000e+00,0.000000000000000000e+00,4.203300000000000125e+01,2.849500000000000099e+01,2.300000000000000000e+01,2.300000000000000000e+01
1.386087908744812012e+02,0.000000000000000000e+00,0.000000000000000000e+00,4.227799999999999869e+01,2.869000000000000128e+01,2.300000000000000000e+01,2.300000000000000000e+01
1.397971749305725098e+02,0.000000000000000000e+00,0.000000000000000000e+00,4.242399999999999949e+01,2.864099999999999824e+01,2.300000000000000000e+01,2.300000000000000000e+01
1.409847719669342041e+02,0.000000000000000000e+00,0.000000000000000000e+00,4.252199999999999847e+01,2.864099999999999824e+01,2.300000000000000000e+01,2.300000000000000000e+01
1.421767649650573730e+02,0.000000000000000000e+00,0.000000000000000000e+00,4.252199999999999847e+01,2.864099999999999824e+01,2.300000000000000000e+01,2.300000000000000000e+01
1.433666696548461914e+02,0.000000000000000000e+00,0.000000000000000000e+00,4.252199999999999847e+01,2.873900000000000077e+01,2.300000000000000000e+01,2.300000000000000000e+01
1.445542235374450684e+02,0.000000000000000000e+00,0.000000000000000000e+00,4.257099999999999795e+01,2.873900000000000077e+01,2.300000000000000000e+01,2.300000000000000000e+01
1.457456116676330566e+02,0.000000000000000000e+00,0.000000000000000000e+00,4.271800000000000352e+01,2.878800000000000026e+01,2.300000000000000000e+01,2.300000000000000000e+01
1.469547560214996338e+02,0.000000000000000000e+00,0.000000000000000000e+00,4.286399999999999721e+01,2.883699999999999974e+01,2.300000000000000000e+01,2.300000000000000000e+01
1.481459629535675049e+02,0.000000000000000000e+00,0.000000000000000000e+00,4.296200000000000330e+01,2.873900000000000077e+01,2.300000000000000000e+01,2.300000000000000000e+01
1.493239071369171143e+02,0.000000000000000000e+00,0.000000000000000000e+00,4.306000000000000227e+01,2.883699999999999974e+01,2.300000000000000000e+01,2.300000000000000000e+01
1.505093393325805664e+02,0.000000000000000000e+00,0.000000000000000000e+00,4.301100000000000279e+01,2.888599999999999923e+01,2.300000000000000000e+01,2.300000000000000000e+01
1.516923162937164307e+02,0.000000000000000000e+00,0.000000000000000000e+00,4.296200000000000330e+01,2.878800000000000026e+01,2.300000000000000000e+01,2.300000000000000000e+01
1.529504621028900146e+02,0.000000000000000000e+00,0.000000000000000000e+00,4.301100000000000279e+01,2.917899999999999849e+01,2.300000000000000000e+01,2.300000000000000000e+01
1.541332104206085205e+02,0.000000000000000000e+00,0.000000000000000000e+00,4.301100000000000279e+01,2.878800000000000026e+01,2.300000000000000000e+01,2.300000000000000000e+01
1.553313655853271484e+02,0.000000000000000000e+00,0.000000000000000000e+00,4.301100000000000279e+01,2.898300000000000054e+01,2.300000000000000000e+01,2.300000000000000000e+01
1.565255324840545654e+02,0.000000000000000000e+00,0.000000000000000000e+00,4.296200000000000330e+01,2.908099999999999952e+01,2.300000000000000000e+01,2.300000000000000000e+01
1.577141747474670410e+02,0.000000000000000000e+00,0.000000000000000000e+00,4.301100000000000279e+01,2.893499999999999872e+01,2.300000000000000000e+01,2.300000000000000000e+01
1.589027915000915527e+02,0.000000000000000000e+00,0.000000000000000000e+00,4.296200000000000330e+01,2.917899999999999849e+01,2.300000000000000000e+01,2.300000000000000000e+01
1.600970957279205322e+02,0.000000000000000000e+00,0.000000000000000000e+00,4.286399999999999721e+01,2.917899999999999849e+01,2.300000000000000000e+01,2.300000000000000000e+01
1.612858235836029053e+02,0.000000000000000000e+00,0.000000000000000000e+00,4.266899999999999693e+01,2.908099999999999952e+01,2.300000000000000000e+01,2.300000000000000000e+01
1.624737083911895752e+02,0.000000000000000000e+00,0.000000000000000000e+00,4.286399999999999721e+01,2.917899999999999849e+01,2.300000000000000000e+01,2.300000000000000000e+01
1.636655747890472412e+02,0.000000000000000000e+00,0.000000000000000000e+00,4.261999999999999744e+01,2.937399999999999878e+01,2.300000000000000000e+01,2.300000000000000000e+01
1.648712797164916992e+02,0.000000000000000000e+00,0.000000000000000000e+00,4.252199999999999847e+01,2.952100000000000080e+01,2.300000000000000000e+01,2.300000000000000000e+01
1.660545029640197754e+02,0.000000000000000000e+00,0.000000000000000000e+00,4.247299999999999898e+01,2.927700000000000102e+01,2.300000000000000000e+01,2.300000000000000000e+01
1.672488543987274170e+02,0.000000000000000000e+00,0.000000000000000000e+00,4.247299999999999898e+01,2.927700000000000102e+01,2.300000000000000000e+01,2.300000000000000000e+01
1.684282619953155518e+02,0.000000000000000000e+00,0.000000000000000000e+00,4.252199999999999847e+01,2.922800000000000153e+01,2.300000000000000000e+01,2.300000000000000000e+01
1.696145651340484619e+02,0.000000000000000000e+00,0.000000000000000000e+00,4.252199999999999847e+01,2.932600000000000051e+01,2.300000000000000000e+01,2.300000000000000000e+01
1.708054263591766357e+02,0.000000000000000000e+00,0.000000000000000000e+00,4.247299999999999898e+01,2.927700000000000102e+01,2.300000000000000000e+01,2.300000000000000000e+01
1.719890513420104980e+02,0.000000000000000000e+00,0.000000000000000000e+00,4.242399999999999949e+01,2.932600000000000051e+01,2.300000000000000000e+01,2.300000000000000000e+01
1.731733944416046143e+02,0.000000000000000000e+00,0.000000000000000000e+00,4.227799999999999869e+01,2.942299999999999827e+01,2.300000000000000000e+01,2.300000000000000000e+01
1.743605291843414307e+02,0.000000000000000000e+00,0.000000000000000000e+00,4.213100000000000023e+01,2.947200000000000131e+01,2.300000000000000000e+01,2.300000000000000000e+01
1.755447118282318115e+02,0.000000000000000000e+00,0.000000000000000000e+00,4.208200000000000074e+01,2.942299999999999827e+01,2.300000000000000000e+01,2.300000000000000000e+01
1.767933599948883057e+02,0.000000000000000000e+00,0.000000000000000000e+00,4.208200000000000074e+01,2.942299999999999827e+01,2.300000000000000000e+01,2.300000000000000000e+01
1.779660997390747070e+02,0.000000000000000000e+00,0.000000000000000000e+00,4.203300000000000125e+01,2.961899999999999977e+01,2.300000000000000000e+01,2.300000000000000000e+01
1.791521258354187012e+02,0.000000000000000000e+00,0.000000000000000000e+00,4.208200000000000074e+01,2.971699999999999875e+01,2.300000000000000000e+01,2.300000000000000000e+01
1.803279047012329102e+02,0.000000000000000000e+00,0.000000000000000000e+00,4.198400000000000176e+01,2.966799999999999926e+01,2.300000000000000000e+01,2.300000000000000000e+01
1.815224158763885498e+02,0.000000000000000000e+00,0.000000000000000000e+00,4.203300000000000125e+01,2.971699999999999875e+01,2.300000000000000000e+01,2.300000000000000000e+01
1.826951527595520020e+02,0.000000000000000000e+00,0.000000000000000000e+00,4.188700000000000045e+01,2.961899999999999977e+01,2.300000000000000000e+01,2.300000000000000000e+01
1.838543360233306885e+02,0.000000000000000000e+00,0.000000000000000000e+00,4.174000000000000199e+01,2.966799999999999926e+01,2.300000000000000000e+01,2.300000000000000000e+01
1.850442254543304443e+02,0.000000000000000000e+00,0.000000000000000000e+00,4.154399999999999693e+01,2.981400000000000006e+01,2.300000000000000000e+01,2.300000000000000000e+01
1.862286896705627441e+02,0.000000000000000000e+00,0.000000000000000000e+00,4.159300000000000352e+01,2.966799999999999926e+01,2.300000000000000000e+01,2.300000000000000000e+01
1.874118921756744385e+02,0.000000000000000000e+00,0.000000000000000000e+00,4.154399999999999693e+01,2.966799999999999926e+01,2.300000000000000000e+01,2.300000000000000000e+01
1.886041922569274902e+02,0.000000000000000000e+00,0.000000000000000000e+00,4.154399999999999693e+01,2.976500000000000057e+01,2.300000000000000000e+01,2.300000000000000000e+01
1.897908630371093750e+02,0.000000000000000000e+00,0.000000000000000000e+00,4.149600000000000222e+01,2.981400000000000006e+01,2.300000000000000000e+01,2.300000000000000000e+01
1.909747090339660645e+02,0.000000000000000000e+00,0.000000000000000000e+00,4.144700000000000273e+01,2.991199999999999903e+01,2.300000000000000000e+01,2.300000000000000000e+01
1.922252564430236816e+02,0.000000000000000000e+00,0.000000000000000000e+00,4.139800000000000324e+01,2.981400000000000006e+01,2.300000000000000000e+01,2.300000000000000000e+01
1.934157879352569580e+02,0.000000000000000000e+00,0.000000000000000000e+00,4.115299999999999869e+01,2.986299999999999955e+01,2.300000000000000000e+01,2.300000000000000000e+01
1.946019349098205566e+02,0.000000000000000000e+00,0.000000000000000000e+00,4.115299999999999869e+01,2.986299999999999955e+01,2.300000000000000000e+01,2.300000000000000000e+01
1.957993674278259277e+02,0.000000000000000000e+00,0.000000000000000000e+00,4.105599999999999739e+01,2.971699999999999875e+01,2.300000000000000000e+01,2.300000000000000000e+01
1.969873135089874268e+02,0.000000000000000000e+00,0.000000000000000000e+00,4.105599999999999739e+01,2.991199999999999903e+01,2.300000000000000000e+01,2.300000000000000000e+01
1.981964771747589111e+02,0.000000000000000000e+00,0.000000000000000000e+00,4.100699999999999790e+01,2.986299999999999955e+01,2.300000000000000000e+01,2.300000000000000000e+01
1.993931357860565186e+02,0.000000000000000000e+00,0.000000000000000000e+00,4.090899999999999892e+01,2.986299999999999955e+01,2.300000000000000000e+01,2.300000000000000000e+01
2.005785088539123535e+02,0.000000000000000000e+00,0.000000000000000000e+00,4.081099999999999994e+01,2.996099999999999852e+01,2.300000000000000000e+01,2.300000000000000000e+01
2.017699854373931885e+02,0.000000000000000000e+00,0.000000000000000000e+00,4.061599999999999966e+01,2.996099999999999852e+01,2.300000000000000000e+01,2.300000000000000000e+01
2.029641666412353516e+02,0.000000000000000000e+00,0.000000000000000000e+00,4.051800000000000068e+01,2.991199999999999903e+01,2.300000000000000000e+01,2.300000000000000000e+01
2.041508033275604248e+02,0.000000000000000000e+00,0.000000000000000000e+00,4.051800000000000068e+01,3.015599999999999881e+01,2.300000000000000000e+01,2.300000000000000000e+01
2.053387176990509033e+02,0.000000000000000000e+00,0.000000000000000000e+00,4.051800000000000068e+01,2.996099999999999852e+01,2.300000000000000000e+01,2.300000000000000000e+01
2.065032436847686768e+02,0.000000000000000000e+00,0.000000000000000000e+00,4.051800000000000068e+01,3.015599999999999881e+01,2.300000000000000000e+01,2.300000000000000000e+01
2.076777625083923340e+02,0.000000000000000000e+00,0.000000000000000000e+00,4.046900000000000119e+01,3.015599999999999881e+01,2.300000000000000000e+01,2.300000000000000000e+01
2.088607690334320068e+02,0.000000000000000000e+00,0.000000000000000000e+00,4.007800000000000296e+01,3.020499999999999829e+01,2.300000000000000000e+01,2.300000000000000000e+01
2.100077266693115234e+02,0.000000000000000000e+00,0.000000000000000000e+00,4.007800000000000296e+01,3.015599999999999881e+01,2.300000000000000000e+01,2.300000000000000000e+01
2.111852903366088867e+02,0.000000000000000000e+00,0.000000000000000000e+00,4.002900000000000347e+01,3.005900000000000105e+01,2.300000000000000000e+01,2.300000000000000000e+01
2.123539011478424072e+02,0.000000000000000000e+00,0.000000000000000000e+00,4.007800000000000296e+01,3.010800000000000054e+01,2.300000000000000000e+01,2.300000000000000000e+01
2.135258920192718506e+02,0.000000000000000000e+00,0.000000000000000000e+00,3.997999999999999687e+01,3.005900000000000105e+01,2.300000000000000000e+01,2.300000000000000000e+01
2.146805436611175537e+02,0.000000000000000000e+00,0.000000000000000000e+00,4.002900000000000347e+01,3.010800000000000054e+01,2.300000000000000000e+01,2.300000000000000000e+01
2.158577795028686523e+02,0.000000000000000000e+00,0.000000000000000000e+00,3.988300000000000267e+01,3.020499999999999829e+01,2.300000000000000000e+01,2.300000000000000000e+01
2.170291440486907959e+02,0.000000000000000000e+00,0.000000000000000000e+00,3.968699999999999761e+01,3.010800000000000054e+01,2.300000000000000000e+01,2.300000000000000000e+01
2.181993207931518555e+02,0.000000000000000000e+00,0.000000000000000000e+00,3.958899999999999864e+01,3.025400000000000134e+01,2.300000000000000000e+01,2.300000000000000000e+01
2.193702187538146973e+02,0.000000000000000000e+00,0.000000000000000000e+00,3.963799999999999812e+01,3.010800000000000054e+01,2.300000000000000000e+01,2.300000000000000000e+01
2.205494568347930908e+02,0.000000000000000000e+00,0.000000000000000000e+00,3.958899999999999864e+01,3.020499999999999829e+01,2.300000000000000000e+01,2.300000000000000000e+01
2.217225477695465088e+02,0.000000000000000000e+00,0.000000000000000000e+00,3.958899999999999864e+01,3.020499999999999829e+01,2.300000000000000000e+01,2.300000000000000000e+01
2.228897047042846680e+02,0.000000000000000000e+00,0.000000000000000000e+00,3.963799999999999812e+01,3.010800000000000054e+01,2.300000000000000000e+01,2.300000000000000000e+01
2.240640618801116943e+02,0.000000000000000000e+00,0.000000000000000000e+00,3.939399999999999835e+01,3.025400000000000134e+01,2.300000000000000000e+01,2.300000000000000000e+01
2.252446274757385254e+02,0.000000000000000000e+00,0.000000000000000000e+00,3.949199999999999733e+01,3.010800000000000054e+01,2.300000000000000000e+01,2.300000000000000000e+01
2.264161844253540039e+02,0.000000000000000000e+00,0.000000000000000000e+00,3.929599999999999937e+01,3.020499999999999829e+01,2.300000000000000000e+01,2.300000000000000000e+01
2.275839028358459473e+02,0.000000000000000000e+00,0.000000000000000000e+00,3.919800000000000040e+01,3.010800000000000054e+01,2.300000000000000000e+01,2.300000000000000000e+01
2.287543849945068359e+02,0.000000000000000000e+00,0.000000000000000000e+00,3.924699999999999989e+01,3.020499999999999829e+01,2.300000000000000000e+01,2.300000000000000000e+01
2.299341833591461182e+02,8.262871104081582763e-01,0.000000000000000000e+00,3.910099999999999909e+01,3.035200000000000031e+01,2.300000000000000000e+01,2.300000000000000000e+01
2.310913953781127930e+02,0.000000000000000000e+00,0.000000000000000000e+00,3.910099999999999909e+01,3.020499999999999829e+01,2.300000000000000000e+01,2.300000000000000000e+01
2.322625246047973633e+02,0.000000000000000000e+00,0.000000000000000000e+00,3.905199999999999960e+01,3.025400000000000134e+01,2.300000000000000000e+01,2.300000000000000000e+01
2.334350578784942627e+02,0.000000000000000000e+00,0.000000000000000000e+00,3.910099999999999909e+01,3.044999999999999929e+01,2.300000000000000000e+01,2.300000000000000000e+01
2.345941290855407715e+02,0.000000000000000000e+00,0.000000000000000000e+00,3.914999999999999858e+01,3.020499999999999829e+01,2.300000000000000000e+01,2.300000000000000000e+01
2.357695946693420410e+02,0.000000000000000000e+00,0.000000000000000000e+00,3.914999999999999858e+01,3.030300000000000082e+01,2.300000000000000000e+01,2.300000000000000000e+01
2.369419851303100586e+02,1.650462304397768198e+00,0.000000000000000000e+00,3.880700000000000216e+01,3.025400000000000134e+01,2.300000000000000000e+01,2.300000000000000000e+01
2.381169612407684326e+02,3.527721311188280473e-01,0.000000000000000000e+00,3.875900000000000034e+01,3.025400000000000134e+01,2.300000000000000000e+01,2.300000000000000000e+01
2.392972822189331055e+02,0.000000000000000000e+00,0.000000000000000000e+00,3.866100000000000136e+01,3.030300000000000082e+01,2.300000000000000000e+01,2.300000000000000000e+01
2.405124659538269043e+02,0.000000000000000000e+00,0.000000000000000000e+00,3.866100000000000136e+01,3.015599999999999881e+01,2.300000000000000000e+01,2.300000000000000000e+01
2.416884701251983643e+02,0.000000000000000000e+00,0.000000000000000000e+00,3.861200000000000188e+01,3.020499999999999829e+01,2.300000000000000000e+01,2.300000000000000000e+01
2.428613030910491943e+02,0.000000000000000000e+00,0.000000000000000000e+00,3.866100000000000136e+01,3.025400000000000134e+01,2.300000000000000000e+01,2.300000000000000000e+01
2.440399160385131836e+02,1.902512265066479635e+00,0.000000000000000000e+00,3.841599999999999682e+01,3.025400000000000134e+01,2.300000000000000000e+01,2.300000000000000000e+01
2.452156083583831787e+02,7.341560117454702938e-01,0.000000000000000000e+00,3.836800000000000210e+01,3.025400000000000134e+01,2.300000000000000000e+01,2.300000000000000000e+01
2.463894293308258057e+02,0.000000000000000000e+00,0.000000000000000000e+00,3.831900000000000261e+01,3.020499999999999829e+01,2.300000000000000000e+01,2.300000000000000000e+01
2.475668330192565918e+02,1.461886342157812102e+00,0.000000000000000000e+00,3.812299999999999756e+01,3.020499999999999829e+01,2.300000000000000000e+01,2.300000000000000000e+01
2.487431406974792480e+02,0.000000000000000000e+00,0.000000000000000000e+00,3.812299999999999756e+01,3.035200000000000031e+01,2.300000000000000000e+01,2.300000000000000000e+01
2.499200985431671143e+02,0.000000000000000000e+00,0.000000000000000000e+00,3.812299999999999756e+01,3.025400000000000134e+01,2.300000000000000000e+01,2.300000000000000000e+01
2.510990600585937500e+02,4.215763493167603571e-01,0.000000000000000000e+00,3.807399999999999807e+01,2.996099999999999852e+01,2.300000000000000000e+01,2.300000000000000000e+01
2.522747235298156738e+02,0.000000000000000000e+00,0.000000000000000000e+00,3.812299999999999756e+01,3.025400000000000134e+01,2.300000000000000000e+01,2.300000000000000000e+01
2.534513673782348633e+02,0.000000000000000000e+00,0.000000000000000000e+00,3.812299999999999756e+01,3.025400000000000134e+01,2.300000000000000000e+01,2.300000000000000000e+01
2.546316139698028564e+02,0.000000000000000000e+00,0.000000000000000000e+00,3.812299999999999756e+01,3.035200000000000031e+01,2.300000000000000000e+01,2.300000000000000000e+01
2.558060181140899658e+02,1.713110442940388944e+00,0.000000000000000000e+00,3.778099999999999881e+01,3.020499999999999829e+01,2.300000000000000000e+01,2.300000000000000000e+01
2.569813790321350098e+02,0.000000000000000000e+00,0.000000000000000000e+00,3.782999999999999829e+01,3.030300000000000082e+01,2.300000000000000000e+01,2.300000000000000000e+01
2.581570270061492920e+02,1.439596910057316492e+00,0.000000000000000000e+00,3.768299999999999983e+01,3.030300000000000082e+01,2.300000000000000000e+01,2.300000000000000000e+01
2.593384435176849365e+02,5.974689739209022576e-01,0.000000000000000000e+00,3.763400000000000034e+01,3.015599999999999881e+01,2.300000000000000000e+01,2.300000000000000000e+01
2.605144207477569580e+02,0.000000000000000000e+00,0.000000000000000000e+00,3.773199999999999932e+01,3.020499999999999829e+01,2.300000000000000000e+01,2.300000000000000000e+01
2.616899113655090332e+02,0.000000000000000000e+00,0.000000000000000000e+00,3.763400000000000034e+01,3.025400000000000134e+01,2.300000000000000000e+01,2.300000000000000000e+01
2.628691644668579102e+02,0.000000000000000000e+00,0.000000000000000000e+00,3.763400000000000034e+01,3.015599999999999881e+01,2.300000000000000000e+01,2.300000000000000000e+01
2.640533750057220459e+02,0.000000000000000000e+00,0.000000000000000000e+00,3.758599999999999852e+01,3.025400000000000134e+01,2.300000000000000000e+01,2.300000000000000000e+01
2.652274813652038574e+02,7.224463140092254321e-01,0.000000000000000000e+00,3.748799999999999955e+01,3.025400000000000134e+01,2.300000000000000000e+01,2.300000000000000000e+01
2.664045436382293701e+02,0.000000000000000000e+00,0.000000000000000000e+00,3.743900000000000006e+01,3.020499999999999829e+01,2.300000000000000000e+01,2.300000000000000000e+01
2.675776348114013672e+02,1.476954161084128359e+00,0.000000000000000000e+00,3.729200000000000159e+01,3.030300000000000082e+01,2.300000000000000000e+01,2.300000000000000000e+01
2.687589600086212158e+02,0.000000000000000000e+00,0.000000000000000000e+00,3.734100000000000108e+01,3.030300000000000082e+01,2.300000000000000000e+01,2.300000000000000000e+01
2.699343905448913574e+02,1.789547804383780027e+00,0.000000000000000000e+00,3.714600000000000080e+01,3.025400000000000134e+01,2.300000000000000000e+01,2.300000000000000000e+01
2.710851531028747559e+02,7.851760176834261529e-01,0.000000000000000000e+00,3.714600000000000080e+01,3.020499999999999829e+01,2.300000000000000000e+01,2.300000000000000000e+01
2.722616715431213379e+02,6.067354144763683621e-01,0.000000000000000000e+00,3.704800000000000182e+01,3.030300000000000082e+01,2.300000000000000000e+01,2.300000000000000000e+01
2.734410274028778076e+02,0.000000000000000000e+00,0.000000000000000000e+00,3.714600000000000080e+01,3.020499999999999829e+01,2.300000000000000000e+01,2.300000000000000000e+01
2.746155083179473877e+02,0.000000000000000000e+00,0.000000000000000000e+00,3.714600000000000080e+01,3.030300000000000082e+01,2.300000000000000000e+01,2.300000000000000000e+01
2.757916071414947510e+02,0.000000000000000000e+00,0.000000000000000000e+00,3.704800000000000182e+01,3.015599999999999881e+01,2.300000000000000000e+01,2.300000000000000000e+01
2.769679555892944336e+02,0.000000000000000000e+00,0.000000000000000000e+00,3.714600000000000080e+01,3.020499999999999829e+01,2.300000000000000000e+01,2.300000000000000000e+01
2.781489868164062500e+02,0.000000000000000000e+00,0.000000000000000000e+00,3.714600000000000080e+01,3.030300000000000082e+01,2.300000000000000000e+01,2.300000000000000000e+01
2.793303306102752686e+02,0.000000000000000000e+00,0.000000000000000000e+00,3.704800000000000182e+01,3.020499999999999829e+01,2.300000000000000000e+01,2.300000000000000000e+01
2.805061435699462891e+02,1.559425318255976300e+00,0.000000000000000000e+00,3.685199999999999676e+01,3.025400000000000134e+01,2.300000000000000000e+01,2.300000000000000000e+01
2.816834063529968262e+02,2.197411652888278388e-01,0.000000000000000000e+00,3.690100000000000335e+01,3.020499999999999829e+01,2.300000000000000000e+01,2.300000000000000000e+01
2.828614864349365234e+02,0.000000000000000000e+00,0.000000000000000000e+00,3.695000000000000284e+01,3.015599999999999881e+01,2.300000000000000000e+01,2.300000000000000000e+01
2.840369331836700439e+02,1.570921942039829045e+00,0.000000000000000000e+00,3.665699999999999648e+01,3.025400000000000134e+01,2.300000000000000000e+01,2.300000000000000000e+01
2.852170810699462891e+02,0.000000000000000000e+00,0.000000000000000000e+00,3.675500000000000256e+01,3.025400000000000134e+01,2.300000000000000000e+01,2.300000000000000000e+01
2.863969058990478516e+02,8.335803487907691434e-01,0.000000000000000000e+00,3.665699999999999648e+01,3.030300000000000082e+01,2.300000000000000000e+01,2.300000000000000000e+01
2.876483278274536133e+02,0.000000000000000000e+00,0.000000000000000000e+00,3.670600000000000307e+01,3.015599999999999881e+01,2.300000000000000000e+01,2.300000000000000000e+01
2.888275461196899414e+02,0.000000000000000000e+00,0.000000000000000000e+00,3.665699999999999648e+01,3.001000000000000156e+01,2.300000000000000000e+01,2.300000000000000000e+01
2.900037691593170166e+02,1.291672554171441334e-02,0.000000000000000000e+00,3.665699999999999648e+01,3.015599999999999881e+01,2.300000000000000000e+01,2.300000000000000000e+01
2.911876649856567383e+02,0.000000000000000000e+00,0.000000000000000000e+00,3.665699999999999648e+01,3.010800000000000054e+01,2.300000000000000000e+01,2.300000000000000000e+01
2.923978168964385986e+02,0.000000000000000000e+00,0.000000000000000000e+00,3.660799999999999699e+01,3.025400000000000134e+01,2.300000000000000000e+01,2.300000000000000000e+01
2.935769610404968262e+02,0.000000000000000000e+00,0.000000000000000000e+00,3.665699999999999648e+01,3.030300000000000082e+01,2.300000000000000000e+01,2.300000000000000000e+01
2.947329807281494141e+02,1.015063157859507625e-01,0.000000000000000000e+00,3.655899999999999750e+01,3.020499999999999829e+01,2.300000000000000000e+01,2.300000000000000000e+01
2.959155855178833008e+02,1.807806445748220137e+00,0.000000000000000000e+00,3.631499999999999773e+01,3.020499999999999829e+01,2.300000000000000000e+01,2.300000000000000000e+01
2.971017050743103027e+02,8.025955589638442689e-01,0.000000000000000000e+00,3.636399999999999721e+01,3.020499999999999829e+01,2.300000000000000000e+01,2.300000000000000000e+01
2.982863068580627441e+02,1.566009217946451315e-02,0.000000000000000000e+00,3.636399999999999721e+01,3.015599999999999881e+01,2.300000000000000000e+01,2.300000000000000000e+01
2.994715869426727295e+02,2.251117835874971718e+00,0.000000000000000000e+00,3.607000000000000028e+01,3.005900000000000105e+01,2.300000000000000000e+01,2.300000000000000000e+01
3.006517667770385742e+02,4.292103493305604589e-01,0.000000000000000000e+00,3.621699999999999875e+01,3.020499999999999829e+01,2.300000000000000000e+01,2.300000000000000000e+01
3.018371624946594238e+02,1.350838595327878700e-01,0.000000000000000000e+00,3.616799999999999926e+01,3.030300000000000082e+01,2.300000000000000000e+01,2.300000000000000000e+01
3.030443146228790283e+02,0.000000000000000000e+00,0.000000000000000000e+00,3.616799999999999926e+01,3.015599999999999881e+01,2.300000000000000000e+01,2.300000000000000000e+01
3.041988246440887451e+02,0.000000000000000000e+00,0.000000000000000000e+00,3.616799999999999926e+01,3.015599999999999881e+01,2.300000000000000000e+01,2.300000000000000000e+01
3.054288475513458252e+02,0.000000000000000000e+00,0.000000000000000000e+00,3.621699999999999875e+01,3.015599999999999881e+01,2.300000000000000000e+01,2.300000000000000000e+01
3.066062765121459961e+02,0.000000000000000000e+00,0.000000000000000000e+00,3.616799999999999926e+01,3.020499999999999829e+01,2.300000000000000000e+01,2.300000000000000000e+01
3.077919125556945801e+02,0.000000000000000000e+00,0.000000000000000000e+00,3.616799999999999926e+01,3.020499999999999829e+01,2.300000000000000000e+01,2.300000000000000000e+01
3.089813530445098877e+02,0.000000000000000000e+00,0.000000000000000000e+00,3.616799999999999926e+01,3.010800000000000054e+01,2.300000000000000000e+01,2.300000000000000000e+01
3.101411712169647217e+02,0.000000000000000000e+00,0.000000000000000000e+00,3.616799999999999926e+01,3.025400000000000134e+01,2.300000000000000000e+01,2.300000000000000000e+01
3.113160336017608643e+02,0.000000000000000000e+00,0.000000000000000000e+00,3.626599999999999824e+01,3.010800000000000054e+01,2.300000000000000000e+01,2.300000000000000000e+01
3.124790067672729492e+02,0.000000000000000000e+00,0.000000000000000000e+00,3.611899999999999977e+01,3.040099999999999980e+01,2.300000000000000000e+01,2.300000000000000000e+01
3.136706447601318359e+02,1.558181812706394442e+00,0.000000000000000000e+00,3.597299999999999898e+01,3.015599999999999881e+01,2.300000000000000000e+01,2.300000000000000000e+01
3.148740148544311523e+02,1.648981452626648192e+00,0.000000000000000000e+00,3.592399999999999949e+01,3.030300000000000082e+01,2.300000000000000000e+01,2.300000000000000000e+01
3.160365695953369141e+02,1.683216689293553614e+00,0.000000000000000000e+00,3.587500000000000000e+01,3.005900000000000105e+01,2.300000000000000000e+01,2.300000000000000000e+01
3.171951169967651367e+02,1.247492435960463553e+00,0.000000000000000000e+00,3.587500000000000000e+01,3.010800000000000054e+01,2.300000000000000000e+01,2.300000000000000000e+01
3.183745255470275879e+02,1.266394789374022167e+00,0.000000000000000000e+00,3.582600000000000051e+01,3.030300000000000082e+01,2.300000000000000000e+01,2.300000000000000000e+01
3.195539839267730713e+02,1.850862396280879452e+00,0.000000000000000000e+00,3.572800000000000153e+01,3.005900000000000105e+01,2.300000000000000000e+01,2.300000000000000000e+01
3.207315587997436523e+02,1.537501533187747071e+00,0.000000000000000000e+00,3.572800000000000153e+01,2.996099999999999852e+01,2.300000000000000000e+01,2.300000000000000000e+01
3.219188182353973389e+02,1.636676766841265618e+00,0.000000000000000000e+00,3.567900000000000205e+01,2.996099999999999852e+01,2.300000000000000000e+01,2.300000000000000000e+01
3.230829155445098877e+02,8.112659037481382285e-01,0.000000000000000000e+00,3.572800000000000153e+01,3.030300000000000082e+01,2.300000000000000000e+01,2.300000000000000000e+01
3.242418997287750244e+02,8.683506274016554727e-01,0.000000000000000000e+00,3.567900000000000205e+01,3.020499999999999829e+01,2.300000000000000000e+01,2.300000000000000000e+01
3.254183504581451416e+02,5.396568810551762851e-01,0.000000000000000000e+00,3.567900000000000205e+01,3.005900000000000105e+01,2.300000000000000000e+01,2.300000000000000000e+01
3.266572685241699219e+02,6.554526574401307037e-01,0.000000000000000000e+00,3.563100000000000023e+01,3.005900000000000105e+01,2.300000000000000000e+01,2.300000000000000000e+01
3.278307945728302002e+02,0.000000000000000000e+00,0.000000000000000000e+00,3.567900000000000205e+01,3.010800000000000054e+01,2.300000000000000000e+01,2.300000000000000000e+01
3.290076694488525391e+02,0.000000000000000000e+00,0.000000000000000000e+00,3.567900000000000205e+01,3.005900000000000105e+01,2.300000000000000000e+01,2.300000000000000000e+01
3.302525568008422852e+02,3.108799538250681116e-01,0.000000000000000000e+00,3.563100000000000023e+01,3.005900000000000105e+01,2.300000000000000000e+01,2.300000000000000000e+01
3.314303326606750488e+02,7.538770210007150752e-03,0.000000000000000000e+00,3.563100000000000023e+01,3.010800000000000054e+01,2.300000000000000000e+01,2.300000000000000000e+01
3.325909383296966553e+02,0.000000000000000000e+00,0.000000000000000000e+00,3.563100000000000023e+01,3.010800000000000054e+01,2.300000000000000000e+01,2.300000000000000000e+01
3.337541589736938477e+02,0.000000000000000000e+00,0.000000000000000000e+00,3.567900000000000205e+01,2.986299999999999955e+01,2.300000000000000000e+01,2.300000000000000000e+01
3.349125511646270752e+02,0.000000000000000000e+00,0.000000000000000000e+00,3.563100000000000023e+01,3.001000000000000156e+01,2.300000000000000000e+01,2.300000000000000000e+01
3.360808331966400146e+02,0.000000000000000000e+00,0.000000000000000000e+00,3.567900000000000205e+01,2.996099999999999852e+01,2.300000000000000000e+01,2.300000000000000000e+01
3.372522110939025879e+02,1.184516633415921144e-01,0.000000000000000000e+00,3.558200000000000074e+01,2.986299999999999955e+01,2.300000000000000000e+01,2.300000000000000000e+01
3.384406170845031738e+02,0.000000000000000000e+00,0.000000000000000000e+00,3.558200000000000074e+01,2.986299999999999955e+01,2.300000000000000000e+01,2.300000000000000000e+01
3.396197762489318848e+02,0.000000000000000000e+00,0.000000000000000000e+00,3.558200000000000074e+01,2.981400000000000006e+01,2.300000000000000000e+01,2.300000000000000000e+01
3.408029336929321289e+02,1.374109966713127129e+00,0.000000000000000000e+00,3.543500000000000227e+01,2.981400000000000006e+01,2.300000000000000000e+01,2.300000000000000000e+01
3.419650015830993652e+02,0.000000000000000000e+00,0.000000000000000000e+00,3.558200000000000074e+01,2.991199999999999903e+01,2.300000000000000000e+01,2.300000000000000000e+01
3.431421227455139160e+02,6.398506533380272643e-01,0.000000000000000000e+00,3.548400000000000176e+01,3.015599999999999881e+01,2.300000000000000000e+01,2.300000000000000000e+01
3.443272795677185059e+02,1.949883200202865208e+00,0.000000000000000000e+00,3.533700000000000330e+01,2.996099999999999852e+01,2.300000000000000000e+01,2.300000000000000000e+01
3.455018267631530762e+02,2.885562020561085905e+00,0.000000000000000000e+00,3.523899999999999721e+01,2.986299999999999955e+01,2.300000000000000000e+01,2.300000000000000000e+01
3.466786377429962158e+02,1.349080000679238722e+00,0.000000000000000000e+00,3.538600000000000279e+01,3.001000000000000156e+01,2.300000000000000000e+01,2.300000000000000000e+01
3.478664999008178711e+02,2.502175251037451087e+00,0.000000000000000000e+00,3.523899999999999721e+01,2.996099999999999852e+01,2.300000000000000000e+01,2.300000000000000000e+01
3.490441997051239014e+02,1.504500857902251187e+00,0.000000000000000000e+00,3.533700000000000330e+01,2.981400000000000006e+01,2.300000000000000000e+01,2.300000000000000000e+01
3.502134528160095215e+02,2.716307160991829672e+00,0.000000000000000000e+00,3.519100000000000250e+01,2.981400000000000006e+01,2.300000000000000000e+01,2.300000000000000000e+01
3.513948652744293213e+02,2.737419564081405632e+00,0.000000000000000000e+00,3.519100000000000250e+01,2.981400000000000006e+01,2.300000000000000000e+01,2.300000000000000000e+01
3.525755307674407959e+02,3.129836543917629221e+00,0.000000000000000000e+00,3.514200000000000301e+01,2.976500000000000057e+01,2.300000000000000000e+01,2.300000000000000000e+01
3.537562255859375000e+02,1.614370277529200370e+00,0.000000000000000000e+00,3.528799999999999670e+01,2.976500000000000057e+01,2.300000000000000000e+01,2.300000000000000000e+01
3.549471898078918457e+02,1.331688421140716727e+00,0.000000000000000000e+00,3.528799999999999670e+01,2.981400000000000006e+01,2.300000000000000000e+01,2.300000000000000000e+01
3.561523137092590332e+02,2.157716254230236164e+00,0.000000000000000000e+00,3.519100000000000250e+01,2.991199999999999903e+01,2.300000000000000000e+01,2.300000000000000000e+01
3.573505947589874268e+02,2.136738147319806380e+00,0.000000000000000000e+00,3.519100000000000250e+01,2.976500000000000057e+01,2.300000000000000000e+01,2.300000000000000000e+01
3.586006970405578613e+02,2.032438010409382656e+00,0.000000000000000000e+00,3.519100000000000250e+01,2.981400000000000006e+01,2.300000000000000000e+01,2.300000000000000000e+01
3.597633354663848877e+02,1.928137873498958266e+00,0.000000000000000000e+00,3.519100000000000250e+01,2.986299999999999955e+01,2.300000000000000000e+01,2.300000000000000000e+01
3.609280202388763428e+02,1.337257703857172464e+00,0.000000000000000000e+00,3.523899999999999721e+01,2.991199999999999903e+01,2.300000000000000000e+01,2.300000000000000000e+01
3.621491696834564209e+02,1.652094526946701780e+00,0.000000000000000000e+00,3.519100000000000250e+01,2.971699999999999875e+01,2.300000000000000000e+01,2.300000000000000000e+01
3.633240377902984619e+02,1.102445877304911503e+00,0.000000000000000000e+00,3.523899999999999721e+01,2.971699999999999875e+01,2.300000000000000000e+01,2.300000000000000000e+01
3.644855754375457764e+02,1.417282700394440820e+00,0.000000000000000000e+00,3.519100000000000250e+01,2.986299999999999955e+01,2.300000000000000000e+01,2.300000000000000000e+01
3.657698471546173096e+02,1.354214083484012177e+00,0.000000000000000000e+00,3.519100000000000250e+01,2.976500000000000057e+01,2.300000000000000000e+01,2.300000000000000000e+01
3.669296102523803711e+02,7.633339138422262637e-01,0.000000000000000000e+00,3.523899999999999721e+01,2.996099999999999852e+01,2.300000000000000000e+01,2.300000000000000000e+01
3.680977301597595215e+02,1.078170736931755691e+00,0.000000000000000000e+00,3.519100000000000250e+01,2.991199999999999903e+01,2.300000000000000000e+01,2.300000000000000000e+01
3.692792589664459229e+02,1.015102120021326604e+00,0.000000000000000000e+00,3.519100000000000250e+01,2.986299999999999955e+01,2.300000000000000000e+01,2.300000000000000000e+01
3.704590492248535156e+02,9.108019831109024356e-01,0.000000000000000000e+00,3.519100000000000250e+01,2.976500000000000057e+01,2.300000000000000000e+01,2.300000000000000000e+01
3.716299438476562500e+02,8.065018462004782673e-01,0.000000000000000000e+00,3.519100000000000250e+01,2.981400000000000006e+01,2.300000000000000000e+01,2.300000000000000000e+01
3.728134169578552246e+02,2.156216765586924100e-01,0.000000000000000000e+00,3.523899999999999721e+01,2.976500000000000057e+01,2.300000000000000000e+01,2.300000000000000000e+01
3.739995427131652832e+02,5.304584996482218928e-01,0.000000000000000000e+00,3.519100000000000250e+01,2.986299999999999955e+01,2.300000000000000000e+01,2.300000000000000000e+01
3.751670756340026855e+02,4.673898827377926946e-01,0.000000000000000000e+00,3.519100000000000250e+01,2.976500000000000057e+01,2.300000000000000000e+01,2.300000000000000000e+01
3.763525221347808838e+02,0.000000000000000000e+00,0.000000000000000000e+00,3.528799999999999670e+01,2.991199999999999903e+01,2.300000000000000000e+01,2.300000000000000000e+01
3.775103981494903564e+02,0.000000000000000000e+00,0.000000000000000000e+00,3.528799999999999670e+01,2.971699999999999875e+01,2.300000000000000000e+01,2.300000000000000000e+01
3.787038869857788086e+02,2.797677158273735309e-01,0.000000000000000000e+00,3.519100000000000250e+01,2.981400000000000006e+01,2.300000000000000000e+01,2.300000000000000000e+01
3.798824405670166016e+02,0.000000000000000000e+00,0.000000000000000000e+00,3.523899999999999721e+01,2.986299999999999955e+01,2.300000000000000000e+01,2.300000000000000000e+01
3.810644233226776123e+02,2.175580889169488885e-01,0.000000000000000000e+00,3.519100000000000250e+01,2.981400000000000006e+01,2.300000000000000000e+01,2.300000000000000000e+01
3.822487585544586182e+02,0.000000000000000000e+00,0.000000000000000000e+00,3.533700000000000330e+01,2.981400000000000006e+01,2.300000000000000000e+01,2.300000000000000000e+01
3.834388508796691895e+02,0.000000000000000000e+00,0.000000000000000000e+00,3.528799999999999670e+01,2.981400000000000006e+01,2.300000000000000000e+01,2.300000000000000000e+01
3.846293323040008545e+02,7.116744200652473651e-02,0.000000000000000000e+00,3.519100000000000250e+01,2.986299999999999955e+01,2.300000000000000000e+01,2.300000000000000000e+01
3.858177247047424316e+02,0.000000000000000000e+00,0.000000000000000000e+00,3.528799999999999670e+01,2.976500000000000057e+01,2.300000000000000000e+01,2.300000000000000000e+01
3.871064398288726807e+02,0.000000000000000000e+00,0.000000000000000000e+00,3.519100000000000250e+01,2.996099999999999852e+01,2.300000000000000000e+01,2.300000000000000000e+01
3.882708661556243896e+02,0.000000000000000000e+00,0.000000000000000000e+00,3.523899999999999721e+01,2.976500000000000057e+01,2.300000000000000000e+01,2.300000000000000000e+01
3.894337279796600342e+02,0.000000000000000000e+00,0.000000000000000000e+00,3.523899999999999721e+01,2.976500000000000057e+01,2.300000000000000000e+01,2.300000000000000000e+01
3.906232612133026123e+02,0.000000000000000000e+00,0.000000000000000000e+00,3.523899999999999721e+01,2.981400000000000006e+01,2.300000000000000000e+01,2.300000000000000000e+01
3.918141891956329346e+02,0.000000000000000000e+00,0.000000000000000000e+00,3.528799999999999670e+01,2.981400000000000006e+01,2.300000000000000000e+01,2.300000000000000000e+01
3.929790956974029541e+02,0.000000000000000000e+00,0.000000000000000000e+00,3.523899999999999721e+01,2.961899999999999977e+01,2.300000000000000000e+01,2.300000000000000000e+01
3.941573438644409180e+02,0.000000000000000000e+00,0.000000000000000000e+00,3.523899999999999721e+01,2.976500000000000057e+01,2.300000000000000000e+01,2.300000000000000000e+01
3.953476128578186035e+02,8.957815096100121832e-03,0.000000000000000000e+00,3.519100000000000250e+01,2.971699999999999875e+01,2.300000000000000000e+01,2.300000000000000000e+01
3.965422499179840088e+02,0.000000000000000000e+00,0.000000000000000000e+00,3.523899999999999721e+01,2.966799999999999926e+01,2.300000000000000000e+01,2.300000000000000000e+01
3.977400684356689453e+02,0.000000000000000000e+00,0.000000000000000000e+00,3.519100000000000250e+01,2.981400000000000006e+01,2.300000000000000000e+01,2.300000000000000000e+01
3.989303672313690186e+02,0.000000000000000000e+00,0.000000000000000000e+00,3.519100000000000250e+01,2.971699999999999875e+01,2.300000000000000000e+01,2.300000000000000000e+01
4.001204981803894043e+02,0.000000000000000000e+00,0.000000000000000000e+00,3.519100000000000250e+01,2.976500000000000057e+01,2.300000000000000000e+01,2.300000000000000000e+01
4.012887947559356689e+02,0.000000000000000000e+00,0.000000000000000000e+00,3.528799999999999670e+01,2.952100000000000080e+01,2.300000000000000000e+01,2.300000000000000000e+01
4.024580783843994141e+02,0.000000000000000000e+00,0.000000000000000000e+00,3.519100000000000250e+01,2.976500000000000057e+01,2.300000000000000000e+01,2.300000000000000000e+01
4.036272301673889160e+02,0.000000000000000000e+00,0.000000000000000000e+00,3.519100000000000250e+01,2.971699999999999875e+01,2.300000000000000000e+01,2.300000000000000000e+01
4.048048908710479736e+02,0.000000000000000000e+00,0.000000000000000000e+00,3.523899999999999721e+01,2.966799999999999926e+01,2.300000000000000000e+01,2.300000000000000000e+01
4.060352590084075928e+02,8.980919116789716217e-01,0.000000000000000000e+00,3.509300000000000352e+01,2.966799999999999926e+01,2.300000000000000000e+01,2.300000000000000000e+01
4.072152295112609863e+02,0.000000000000000000e+00,0.000000000000000000e+00,3.519100000000000250e+01,2.957000000000000028e+01,2.300000000000000000e+01,2.300000000000000000e+01
4.083967168331146240e+02,0.000000000000000000e+00,0.000000000000000000e+00,3.523899999999999721e+01,2.971699999999999875e+01,2.300000000000000000e+01,2.300000000000000000e+01
4.096193943023681641e+02,0.000000000000000000e+00,0.000000000000000000e+00,3.519100000000000250e+01,2.966799999999999926e+01,2.300000000000000000e+01,2.300000000000000000e+01
4.107990715503692627e+02,0.000000000000000000e+00,0.000000000000000000e+00,3.519100000000000250e+01,2.971699999999999875e+01,2.300000000000000000e+01,2.300000000000000000e+01
4.119758510589599609e+02,0.000000000000000000e+00,0.000000000000000000e+00,3.519100000000000250e+01,2.986299999999999955e+01,2.300000000000000000e+01,2.300000000000000000e+01
4.131503384113311768e+02,0.000000000000000000e+00,0.000000000000000000e+00,3.519100000000000250e+01,2.961899999999999977e+01,2.300000000000000000e+01,2.300000000000000000e+01
4.143280377388000488e+02,0.000000000000000000e+00,0.000000000000000000e+00,3.519100000000000250e+01,2.947200000000000131e+01,2.300000000000000000e+01,2.300000000000000000e+01
4.154969017505645752e+02,0.000000000000000000e+00,0.000000000000000000e+00,3.523899999999999721e+01,2.961899999999999977e+01,2.300000000000000000e+01,2.300000000000000000e+01
4.166735324859619141e+02,0.000000000000000000e+00,0.000000000000000000e+00,3.519100000000000250e+01,2.966799999999999926e+01,2.300000000000000000e+01,2.300000000000000000e+01
4.178510081768035889e+02,0.000000000000000000e+00,0.000000000000000000e+00,3.519100000000000250e+01,2.961899999999999977e+01,2.300000000000000000e+01,2.300000000000000000e+01
4.190275192260742188e+02,3.918214315152004357e-01,0.000000000000000000e+00,3.514200000000000301e+01,2.952100000000000080e+01,2.300000000000000000e+01,2.300000000000000000e+01
4.201778500080108643e+02,3.563694313514282896e-01,0.000000000000000000e+00,3.514200000000000301e+01,2.966799999999999926e+01,2.300000000000000000e+01,2.300000000000000000e+01
4.214573698043823242e+02,0.000000000000000000e+00,0.000000000000000000e+00,3.519100000000000250e+01,2.961899999999999977e+01,2.300000000000000000e+01,2.300000000000000000e+01
4.227789833545684814e+02,0.000000000000000000e+00,0.000000000000000000e+00,3.519100000000000250e+01,2.966799999999999926e+01,2.300000000000000000e+01,2.300000000000000000e+01
4.239782249927520752e+02,1.726887761427672530e+00,0.000000000000000000e+00,3.499499999999999744e+01,2.957000000000000028e+01,2.300000000000000000e+01,2.300000000000000000e+01
4.251730377674102783e+02,2.891414404997163068e+00,0.000000000000000000e+00,3.489699999999999847e+01,2.971699999999999875e+01,2.300000000000000000e+01,2.300000000000000000e+01
4.263274524211883545e+02,2.535123931820010057e+00,0.000000000000000000e+00,3.494599999999999795e+01,2.957000000000000028e+01,2.300000000000000000e+01,2.300000000000000000e+01
4.274868938922882080e+02,3.515955652136149467e+00,0.000000000000000000e+00,3.484799999999999898e+01,2.957000000000000028e+01,2.300000000000000000e+01,2.300000000000000000e+01
4.286371479034423828e+02,3.683139922452297377e+00,0.000000000000000000e+00,3.484799999999999898e+01,2.957000000000000028e+01,2.300000000000000000e+01,2.300000000000000000e+01
4.298020110130310059e+02,5.742874555739822640e+00,0.000000000000000000e+00,3.465299999999999869e+01,2.957000000000000028e+01,2.300000000000000000e+01,2.300000000000000000e+01
4.309653480052947998e+02,5.106431055534050856e+00,0.000000000000000000e+00,3.475099999999999767e+01,2.961899999999999977e+01,2.300000000000000000e+01,2.300000000000000000e+01
4.321471705436706543e+02,6.151656698821565072e+00,0.000000000000000000e+00,3.465299999999999869e+01,2.952100000000000080e+01,2.300000000000000000e+01,2.300000000000000000e+01
4.333027315139770508e+02,5.928608285362438224e+00,0.000000000000000000e+00,3.470199999999999818e+01,2.991199999999999903e+01,2.300000000000000000e+01,2.300000000000000000e+01
4.344739398956298828e+02,6.545964948649957371e+00,0.000000000000000000e+00,3.465299999999999869e+01,2.957000000000000028e+01,2.300000000000000000e+01,2.300000000000000000e+01
4.356464681625366211e+02,6.280826025190831885e+00,0.000000000000000000e+00,3.470199999999999818e+01,2.961899999999999977e+01,2.300000000000000000e+01,2.300000000000000000e+01
4.368105108737945557e+02,6.401465571731702831e+00,0.000000000000000000e+00,3.470199999999999818e+01,2.957000000000000028e+01,2.300000000000000000e+01,2.300000000000000000e+01
4.379813313484191895e+02,6.564195628272573302e+00,0.000000000000000000e+00,3.470199999999999818e+01,2.952100000000000080e+01,2.300000000000000000e+01,2.300000000000000000e+01
4.391657657623291016e+02,7.223642801560091087e+00,0.000000000000000000e+00,3.465299999999999869e+01,2.966799999999999926e+01,2.300000000000000000e+01,2.300000000000000000e+01
4.403439414501190186e+02,7.455220994847613802e+00,0.000000000000000000e+00,3.465299999999999869e+01,2.937399999999999878e+01,2.300000000000000000e+01,2.300000000000000000e+01
4.415118544101715088e+02,7.147991561388488790e+00,0.000000000000000000e+00,3.470199999999999818e+01,2.947200000000000131e+01,2.300000000000000000e+01,2.300000000000000000e+01
4.427446827888488770e+02,6.771913991182712422e+00,0.000000000000000000e+00,3.475099999999999767e+01,2.947200000000000131e+01,2.300000000000000000e+01,2.300000000000000000e+01
4.439274799823760986e+02,6.865795910976930649e+00,0.000000000000000000e+00,3.475099999999999767e+01,2.942299999999999827e+01,2.300000000000000000e+01,2.300000000000000000e+01
4.451326904296875000e+02,7.995202574264443030e+00,0.000000000000000000e+00,3.465299999999999869e+01,2.942299999999999827e+01,2.300000000000000000e+01,2.300000000000000000e+01
