Tiempo (s), Cal1 (%), Cal2 (%), Temp1 (°C), Temp2 (°C), Set1 (°C), Set2 (°C)
0.000000000000000000e+00,0.000000000000000000e+00,0.000000000000000000e+00,2.751699999999999946e+01,2.712600000000000122e+01,2.300000000000000000e+01,2.300000000000000000e+01
1.000372886657714844e+00,8.390148222686876522e+01,0.000000000000000000e+00,2.737000000000000099e+01,2.702799999999999869e+01,2.300000000000000000e+01,2.300000000000000000e+01
2.189297676086425781e+00,8.591419702038683681e+01,0.000000000000000000e+00,2.756599999999999895e+01,2.737000000000000099e+01,2.300000000000000000e+01,2.300000000000000000e+01
3.368042230606079102e+00,9.105274553058022491e+01,0.000000000000000000e+00,2.746799999999999997e+01,2.688200000000000145e+01,2.300000000000000000e+01,2.300000000000000000e+01
4.522958755493164062e+00,9.516719404077363720e+01,0.000000000000000000e+00,2.746799999999999997e+01,2.693100000000000094e+01,2.300000000000000000e+01,2.300000000000000000e+01
5.811561584472656250e+00,9.982045940930474615e+01,0.000000000000000000e+00,2.741900000000000048e+01,2.702799999999999869e+01,2.300000000000000000e+01,2.300000000000000000e+01
6.976714134216308594e+00,1.000000000000000000e+02,0.000000000000000000e+00,2.741900000000000048e+01,2.707700000000000173e+01,2.300000000000000000e+01,2.300000000000000000e+01
8.150895357131958008e+00,1.000000000000000000e+02,0.000000000000000000e+00,2.741900000000000048e+01,2.693100000000000094e+01,2.300000000000000000e+01,2.300000000000000000e+01
9.344472169876098633e+00,1.000000000000000000e+02,0.000000000000000000e+00,2.751699999999999946e+01,2.717500000000000071e+01,2.300000000000000000e+01,2.300000000000000000e+01
1.054027843475341797e+01,1.000000000000000000e+02,0.000000000000000000e+00,2.746799999999999997e+01,2.693100000000000094e+01,2.300000000000000000e+01,2.300000000000000000e+01
1.171173620223999023e+01,1.000000000000000000e+02,0.000000000000000000e+00,2.746799999999999997e+01,2.722400000000000020e+01,2.300000000000000000e+01,2.300000000000000000e+01
1.288369798660278320e+01,1.000000000000000000e+02,0.000000000000000000e+00,2.761499999999999844e+01,2.712600000000000122e+01,2.300000000000000000e+01,2.300000000000000000e+01
1.405650115013122559e+01,1.000000000000000000e+02,0.000000000000000000e+00,2.766400000000000148e+01,2.722400000000000020e+01,2.300000000000000000e+01,2.300000000000000000e+01
1.524259781837463379e+01,1.000000000000000000e+02,0.000000000000000000e+00,2.766400000000000148e+01,2.683299999999999841e+01,2.300000000000000000e+01,2.300000000000000000e+01
1.641727256774902344e+01,1.000000000000000000e+02,0.000000000000000000e+00,2.766400000000000148e+01,2.697899999999999920e+01,2.300000000000000000e+01,2.300000000000000000e+01
1.761211705207824707e+01,1.000000000000000000e+02,0.000000000000000000e+00,2.776099999999999923e+01,2.697899999999999920e+01,2.300000000000000000e+01,2.300000000000000000e+01
1.878753018379211426e+01,1.000000000000000000e+02,0.000000000000000000e+00,2.776099999999999923e+01,2.702799999999999869e+01,2.300000000000000000e+01,2.300000000000000000e+01
1.996590471267700195e+01,9.804568559853632337e+01,0.000000000000000000e+00,2.795700000000000074e+01,2.693100000000000094e+01,2.300000000000000000e+01,2.300000000000000000e+01
2.115406799316406250e+01,1.000000000000000000e+02,0.000000000000000000e+00,2.785900000000000176e+01,2.702799999999999869e+01,2.300000000000000000e+01,2.300000000000000000e+01
2.238466072082519531e+01,1.000000000000000000e+02,0.000000000000000000e+00,2.780999999999999872e+01,2.693100000000000094e+01,2.300000000000000000e+01,2.300000000000000000e+01
2.354179310798645020e+01,1.000000000000000000e+02,0.000000000000000000e+00,2.795700000000000074e+01,2.683299999999999841e+01,2.300000000000000000e+01,2.300000000000000000e+01
2.470969891548156738e+01,1.000000000000000000e+02,0.000000000000000000e+00,2.795700000000000074e+01,2.688200000000000145e+01,2.300000000000000000e+01,2.300000000000000000e+01
2.588642811775207520e+01,1.000000000000000000e+02,0.000000000000000000e+00,2.805499999999999972e+01,2.702799999999999869e+01,2.300000000000000000e+01,2.300000000000000000e+01
2.705120062828063965e+01,9.920992375849451150e+01,0.000000000000000000e+00,2.820100000000000051e+01,2.683299999999999841e+01,2.300000000000000000e+01,2.300000000000000000e+01
2.822389721870422363e+01,1.000000000000000000e+02,0.000000000000000000e+00,2.839699999999999847e+01,2.697899999999999920e+01,2.300000000000000000e+01,2.300000000000000000e+01
2.939709830284118652e+01,1.000000000000000000e+02,0.000000000000000000e+00,2.839699999999999847e+01,2.688200000000000145e+01,2.300000000000000000e+01,2.300000000000000000e+01
3.056261777877807617e+01,1.000000000000000000e+02,0.000000000000000000e+00,2.839699999999999847e+01,2.688200000000000145e+01,2.300000000000000000e+01,2.300000000000000000e+01
3.173848104476928711e+01,1.000000000000000000e+02,0.000000000000000000e+00,2.839699999999999847e+01,2.702799999999999869e+01,2.300000000000000000e+01,2.300000000000000000e+01
3.291808724403381348e+01,9.808560645582855386e+01,0.000000000000000000e+00,2.864099999999999824e+01,2.697899999999999920e+01,2.300000000000000000e+01,2.300000000000000000e+01
3.410744881629943848e+01,9.994283857814949101e+01,0.000000000000000000e+00,2.878800000000000026e+01,2.727299999999999969e+01,2.300000000000000000e+01,2.300000000000000000e+01
3.528780198097229004e+01,1.000000000000000000e+02,0.000000000000000000e+00,2.878800000000000026e+01,2.683299999999999841e+01,2.300000000000000000e+01,2.300000000000000000e+01
3.646399712562561035e+01,1.000000000000000000e+02,0.000000000000000000e+00,2.888599999999999923e+01,2.678399999999999892e+01,2.300000000000000000e+01,2.300000000000000000e+01
3.764619541168212891e+01,1.000000000000000000e+02,0.000000000000000000e+00,2.903200000000000003e+01,2.688200000000000145e+01,2.300000000000000000e+01,2.300000000000000000e+01
3.882329487800598145e+01,9.795904837950861577e+01,0.000000000000000000e+00,2.927700000000000102e+01,2.678399999999999892e+01,2.300000000000000000e+01,2.300000000000000000e+01
4.000267195701599121e+01,1.000000000000000000e+02,0.000000000000000000e+00,2.927700000000000102e+01,2.693100000000000094e+01,2.300000000000000000e+01,2.300000000000000000e+01
4.119373679161071777e+01,1.000000000000000000e+02,0.000000000000000000e+00,2.932600000000000051e+01,2.683299999999999841e+01,2.300000000000000000e+01,2.300000000000000000e+01
4.237141656875610352e+01,9.840222015159433511e+01,0.000000000000000000e+00,2.952100000000000080e+01,2.688200000000000145e+01,2.300000000000000000e+01,2.300000000000000000e+01
4.356003141403198242e+01,9.923992449032934360e+01,0.000000000000000000e+00,2.971699999999999875e+01,2.702799999999999869e+01,2.300000000000000000e+01,2.300000000000000000e+01
4.472075319290161133e+01,1.000000000000000000e+02,0.000000000000000000e+00,2.986299999999999955e+01,2.683299999999999841e+01,2.300000000000000000e+01,2.300000000000000000e+01
4.588700699806213379e+01,1.000000000000000000e+02,0.000000000000000000e+00,2.986299999999999955e+01,2.693100000000000094e+01,2.300000000000000000e+01,2.300000000000000000e+01
4.708371591567993164e+01,9.836510708311550388e+01,0.000000000000000000e+00,3.005900000000000105e+01,2.688200000000000145e+01,2.300000000000000000e+01,2.300000000000000000e+01
4.825688529014587402e+01,9.891991850496600591e+01,0.000000000000000000e+00,3.025400000000000134e+01,2.693100000000000094e+01,2.300000000000000000e+01,2.300000000000000000e+01
4.943071532249450684e+01,1.000000000000000000e+02,0.000000000000000000e+00,3.030300000000000082e+01,2.688200000000000145e+01,2.300000000000000000e+01,2.300000000000000000e+01
5.060976171493530273e+01,9.935721249346576656e+01,0.000000000000000000e+00,3.044999999999999929e+01,2.697899999999999920e+01,2.300000000000000000e+01,2.300000000000000000e+01
5.178510785102844238e+01,9.969843531102979739e+01,0.000000000000000000e+00,3.064499999999999957e+01,2.707700000000000173e+01,2.300000000000000000e+01,2.300000000000000000e+01
5.295092391967773438e+01,1.000000000000000000e+02,0.000000000000000000e+00,3.079200000000000159e+01,2.712600000000000122e+01,2.300000000000000000e+01,2.300000000000000000e+01
5.412956738471984863e+01,9.723905266596966612e+01,0.000000000000000000e+00,3.108500000000000085e+01,2.678399999999999892e+01,2.300000000000000000e+01,2.300000000000000000e+01
5.529887795448303223e+01,9.883885316257186560e+01,0.000000000000000000e+00,3.113400000000000034e+01,2.678399999999999892e+01,2.300000000000000000e+01,2.300000000000000000e+01
5.647084283828735352e+01,9.933425308416101984e+01,0.000000000000000000e+00,3.128099999999999881e+01,2.688200000000000145e+01,2.300000000000000000e+01,2.300000000000000000e+01
5.764387726783752441e+01,1.000000000000000000e+02,0.000000000000000000e+00,3.132900000000000063e+01,2.683299999999999841e+01,2.300000000000000000e+01,2.300000000000000000e+01
5.881769251823425293e+01,9.976034869315213882e+01,0.000000000000000000e+00,3.142699999999999960e+01,2.707700000000000173e+01,2.300000000000000000e+01,2.300000000000000000e+01
6.000243544578552246e+01,9.795142255619447269e+01,0.000000000000000000e+00,3.176899999999999835e+01,2.697899999999999920e+01,2.300000000000000000e+01,2.300000000000000000e+01
6.118280458450317383e+01,9.971639641923681552e+01,0.000000000000000000e+00,3.176899999999999835e+01,2.693100000000000094e+01,2.300000000000000000e+01,2.300000000000000000e+01
6.234816956520080566e+01,9.986491970726606837e+01,0.000000000000000000e+00,3.191600000000000037e+01,2.693100000000000094e+01,2.300000000000000000e+01,2.300000000000000000e+01
6.351424050331115723e+01,9.886650496602200633e+01,0.000000000000000000e+00,3.215999999999999659e+01,2.697899999999999920e+01,2.300000000000000000e+01,2.300000000000000000e+01
6.467871928215026855e+01,9.826262279142707712e+01,0.000000000000000000e+00,3.235600000000000165e+01,2.688200000000000145e+01,2.300000000000000000e+01,2.300000000000000000e+01
6.592421865463256836e+01,9.916812375849450234e+01,0.000000000000000000e+00,3.240500000000000114e+01,2.683299999999999841e+01,2.300000000000000000e+01,2.300000000000000000e+01
6.708910894393920898e+01,9.844140355462623404e+01,0.000000000000000000e+00,3.260000000000000142e+01,2.673499999999999943e+01,2.300000000000000000e+01,2.300000000000000000e+01
6.827344417572021484e+01,9.867479963408258925e+01,0.000000000000000000e+00,3.269800000000000040e+01,2.702799999999999869e+01,2.300000000000000000e+01,2.300000000000000000e+01
6.945933651924133301e+01,9.939347885520126624e+01,0.000000000000000000e+00,3.274699999999999989e+01,2.712600000000000122e+01,2.300000000000000000e+01,2.300000000000000000e+01
7.064731621742248535e+01,9.901875376372190374e+01,0.000000000000000000e+00,3.289300000000000068e+01,2.688200000000000145e+01,2.300000000000000000e+01,2.300000000000000000e+01
7.183231186866760254e+01,9.693682752221646126e+01,0.000000000000000000e+00,3.318699999999999761e+01,2.683299999999999841e+01,2.300000000000000000e+01,2.300000000000000000e+01
7.301308536529541016e+01,9.738838442237329218e+01,0.000000000000000000e+00,3.323599999999999710e+01,2.688200000000000145e+01,2.300000000000000000e+01,2.300000000000000000e+01
7.419472408294677734e+01,9.728535386826976605e+01,0.000000000000000000e+00,3.333299999999999841e+01,2.693100000000000094e+01,2.300000000000000000e+01,2.300000000000000000e+01
7.536531519889831543e+01,9.496307216414010099e+01,0.000000000000000000e+00,3.362700000000000244e+01,2.707700000000000173e+01,2.300000000000000000e+01,2.300000000000000000e+01
7.654492378234863281e+01,9.464645300575020315e+01,0.000000000000000000e+00,3.372399999999999665e+01,2.707700000000000173e+01,2.300000000000000000e+01,2.300000000000000000e+01
7.771751022338867188e+01,9.588230070569792929e+01,0.000000000000000000e+00,3.367499999999999716e+01,2.697899999999999920e+01,2.300000000000000000e+01,2.300000000000000000e+01
7.890337157249450684e+01,9.498964783063252071e+01,0.000000000000000000e+00,3.382200000000000273e+01,2.707700000000000173e+01,2.300000000000000000e+01,2.300000000000000000e+01
8.009680986404418945e+01,9.295005692629378302e+01,0.000000000000000000e+00,3.406600000000000250e+01,2.702799999999999869e+01,2.300000000000000000e+01,2.300000000000000000e+01
8.128395962715148926e+01,9.238263230527967096e+01,0.000000000000000000e+00,3.416400000000000148e+01,2.707700000000000173e+01,2.300000000000000000e+01,2.300000000000000000e+01
8.247408103942871094e+01,9.014522339257715089e+01,0.000000000000000000e+00,3.440899999999999892e+01,2.697899999999999920e+01,2.300000000000000000e+01,2.300000000000000000e+01
8.366242027282714844e+01,8.940142702561425381e+01,0.000000000000000000e+00,3.450600000000000023e+01,2.707700000000000173e+01,2.300000000000000000e+01,2.300000000000000000e+01
8.483493900299072266e+01,8.751601322530062532e+01,0.000000000000000000e+00,3.470199999999999818e+01,2.712600000000000122e+01,2.300000000000000000e+01,2.300000000000000000e+01
8.600879120826721191e+01,8.660116570831162619e+01,0.000000000000000000e+00,3.479999999999999716e+01,2.722400000000000020e+01,2.300000000000000000e+01,2.300000000000000000e+01
8.717167234420776367e+01,8.618259759539994036e+01,0.000000000000000000e+00,3.484799999999999898e+01,2.741900000000000048e+01,2.300000000000000000e+01,2.300000000000000000e+01
8.835586547851562500e+01,8.249391147412443104e+01,0.000000000000000000e+00,3.519100000000000250e+01,2.727299999999999969e+01,2.300000000000000000e+01,2.300000000000000000e+01
8.953814435005187988e+01,8.292839221118661897e+01,0.000000000000000000e+00,3.514200000000000301e+01,2.727299999999999969e+01,2.300000000000000000e+01,2.300000000000000000e+01
9.070900321006774902e+01,8.124536863565089106e+01,0.000000000000000000e+00,3.528799999999999670e+01,2.732199999999999918e+01,2.300000000000000000e+01,2.300000000000000000e+01
9.188162398338317871e+01,7.785514391008891266e+01,0.000000000000000000e+00,3.558200000000000074e+01,2.737000000000000099e+01,2.300000000000000000e+01,2.300000000000000000e+01
9.305162119865417480e+01,7.539294801359126552e+01,0.000000000000000000e+00,3.577700000000000102e+01,2.727299999999999969e+01,2.300000000000000000e+01,2.300000000000000000e+01
9.421421670913696289e+01,7.550731897543128923e+01,0.000000000000000000e+00,3.572800000000000153e+01,2.732199999999999918e+01,2.300000000000000000e+01,2.300000000000000000e+01
9.538601756095886230e+01,7.403200622059597436e+01,0.000000000000000000e+00,3.582600000000000051e+01,2.727299999999999969e+01,2.300000000000000000e+01,2.300000000000000000e+01
9.666431379318237305e+01,7.196434289074758794e+01,0.000000000000000000e+00,3.597299999999999898e+01,2.746799999999999997e+01,2.300000000000000000e+01,2.300000000000000000e+01
9.796859741210937500e+01,6.874974153162580137e+01,0.000000000000000000e+00,3.621699999999999875e+01,2.712600000000000122e+01,2.300000000000000000e+01,2.300000000000000000e+01
9.922933769226074219e+01,6.754612331416632287e+01,0.000000000000000000e+00,3.626599999999999824e+01,2.732199999999999918e+01,2.300000000000000000e+01,2.300000000000000000e+01
1.004256663322448730e+02,6.685455509670684648e+01,0.000000000000000000e+00,3.626599999999999824e+01,2.746799999999999997e+01,2.300000000000000000e+01,2.300000000000000000e+01
1.016184194087982178e+02,6.454653630423430855e+01,0.000000000000000000e+00,3.641299999999999670e+01,2.732199999999999918e+01,2.300000000000000000e+01,2.300000000000000000e+01
1.028658463954925537e+02,6.216921319916372113e+01,0.000000000000000000e+00,3.655899999999999750e+01,2.737000000000000099e+01,2.300000000000000000e+01,2.300000000000000000e+01
1.040684351921081543e+02,6.023995637741778353e+01,0.000000000000000000e+00,3.665699999999999648e+01,2.756599999999999895e+01,2.300000000000000000e+01,2.300000000000000000e+01
1.052649245262145996e+02,5.771834898065871045e+01,0.000000000000000000e+00,3.680400000000000205e+01,2.746799999999999997e+01,2.300000000000000000e+01,2.300000000000000000e+01
1.064300029277801514e+02,5.351098669628860449e+01,0.000000000000000000e+00,3.709700000000000131e+01,2.741900000000000048e+01,2.300000000000000000e+01,2.300000000000000000e+01
1.076063983440399170e+02,5.076002009932048509e+01,0.000000000000000000e+00,3.724300000000000210e+01,2.766400000000000148e+01,2.300000000000000000e+01,2.300000000000000000e+01
1.087719912528991699e+02,5.060139095661270403e+01,0.000000000000000000e+00,3.714600000000000080e+01,2.746799999999999997e+01,2.300000000000000000e+01,2.300000000000000000e+01
1.100064270496368408e+02,4.620720692629384985e+01,0.000000000000000000e+00,3.743900000000000006e+01,2.780999999999999872e+01,2.300000000000000000e+01,2.300000000000000000e+01
1.111675333976745605e+02,4.487487289597497409e+01,0.000000000000000000e+00,3.743900000000000006e+01,2.776099999999999923e+01,2.300000000000000000e+01,2.300000000000000000e+01
1.123284542560577393e+02,4.085945083638272735e+01,0.000000000000000000e+00,3.768299999999999983e+01,2.766400000000000148e+01,2.300000000000000000e+01,2.300000000000000000e+01
1.134898197650909424e+02,3.885501191845277447e+01,0.000000000000000000e+00,3.773199999999999932e+01,2.761499999999999844e+01,2.300000000000000000e+01,2.300000000000000000e+01
1.146637609004974365e+02,3.360190125457406651e+01,0.000000000000000000e+00,3.807399999999999807e+01,2.771300000000000097e+01,2.300000000000000000e+01,2.300000000000000000e+01
1.158373332023620605e+02,3.138387373235765665e+01,0.000000000000000000e+00,3.812299999999999756e+01,2.766400000000000148e+01,2.300000000000000000e+01,2.300000000000000000e+01
1.170178382396697998e+02,2.806144563512810919e+01,0.000000000000000000e+00,3.827000000000000313e+01,2.766400000000000148e+01,2.300000000000000000e+01,2.300000000000000000e+01
1.181958425045013428e+02,2.466971322530067567e+01,0.000000000000000000e+00,3.841599999999999682e+01,2.785900000000000176e+01,2.300000000000000000e+01,2.300000000000000000e+01
1.193865106105804443e+02,2.118723024046005321e+01,0.000000000000000000e+00,3.856300000000000239e+01,2.771300000000000097e+01,2.300000000000000000e+01,2.300000000000000000e+01
1.205812573432922363e+02,1.655780922634610164e+01,0.000000000000000000e+00,3.880700000000000216e+01,2.776099999999999923e+01,2.300000000000000000e+01,2.300000000000000000e+01
1.217458760738372803e+02,1.286173763721908614e+01,0.000000000000000000e+00,3.895400000000000063e+01,2.776099999999999923e+01,2.300000000000000000e+01,2.300000000000000000e+01
1.229118800163269043e+02,9.085365473079008325e+00,0.000000000000000000e+00,3.910099999999999909e+01,2.790800000000000125e+01,2.300000000000000000e+01,2.300000000000000000e+01
1.240879337787628174e+02,6.845143308938908433e+00,0.000000000000000000e+00,3.910099999999999909e+01,2.785900000000000176e+01,2.300000000000000000e+01,2.300000000000000000e+01
1.252762112617492676e+02,4.604921144798815646e+00,0.000000000000000000e+00,3.910099999999999909e+01,2.771300000000000097e+01,2.300000000000000000e+01,2.300000000000000000e+01
1.264447562694549561e+02,0.000000000000000000e+00,0.000000000000000000e+00,3.944299999999999784e+01,2.780999999999999872e+01,2.300000000000000000e+01,2.300000000000000000e+01
1.276245841979980469e+02,0.000000000000000000e+00,0.000000000000000000e+00,3.958899999999999864e+01,2.800600000000000023e+01,2.300000000000000000e+01,2.300000000000000000e+01
1.288128864765167236e+02,0.000000000000000000e+00,0.000000000000000000e+00,3.958899999999999864e+01,2.800600000000000023e+01,2.300000000000000000e+01,2.300000000000000000e+01
1.299824230670928955e+02,0.000000000000000000e+00,0.000000000000000000e+00,3.973599999999999710e+01,2.790800000000000125e+01,2.300000000000000000e+01,2.300000000000000000e+01
1.311529090404510498e+02,0.000000000000000000e+00,0.000000000000000000e+00,4.007800000000000296e+01,2.790800000000000125e+01,2.300000000000000000e+01,2.300000000000000000e+01
1.323354232311248779e+02,0.000000000000000000e+00,0.000000000000000000e+00,4.017600000000000193e+01,2.810399999999999920e+01,2.300000000000000000e+01,2.300000000000000000e+01
1.335091321468353271e+02,0.000000000000000000e+00,0.000000000000000000e+00,4.046900000000000119e+01,2.805499999999999972e+01,2.300000000000000000e+01,2.300000000000000000e+01
1.347144901752471924e+02,0.000000000000000000e+00,0.000000000000000000e+00,4.056700000000000017e+01,2.800600000000000023e+01,2.300000000000000000e+01,2.300000000000000000e+01
1.358962466716766357e+02,0.000000000000000000e+00,0.000000000000000000e+00,4.076200000000000045e+01,2.805499999999999972e+01,2.300000000000000000e+01,2.300000000000000000e+01
1.370660490989685059e+02,0.000000000000000000e+00,0.000000000000000000e+00,4.100699999999999790e+01,2.825000000000000000e+01,2.300000000000000000e+01,2.300000000000000000e+01
1.382436747550964355e+02,0.000000000000000000e+00,0.000000000000000000e+00,4.105599999999999739e+01,2.820100000000000051e+01,2.300000000000000000e+01,2.300000000000000000e+01
1.394141075611114502e+02,0.000000000000000000e+00,0.000000000000000000e+00,4.105599999999999739e+01,2.834799999999999898e+01,2.300000000000000000e+01,2.300000000000000000e+01
1.406014828681945801e+02,0.000000000000000000e+00,0.000000000000000000e+00,4.129999999999999716e+01,2.825000000000000000e+01,2.300000000000000000e+01,2.300000000000000000e+01
1.418004548549652100e+02,0.000000000000000000e+00,0.000000000000000000e+00,4.159300000000000352e+01,2.825000000000000000e+01,2.300000000000000000e+01,2.300000000000000000e+01
1.430082635879516602e+02,0.000000000000000000e+00,0.000000000000000000e+00,4.154399999999999693e+01,2.844600000000000151e+01,2.300000000000000000e+01,2.300000000000000000e+01
1.441943545341491699e+02,0.000000000000000000e+00,0.000000000000000000e+00,4.154399999999999693e+01,2.829899999999999949e+01,2.300000000000000000e+01,2.300000000000000000e+01
1.453726654052734375e+02,0.000000000000000000e+00,0.000000000000000000e+00,4.183800000000000097e+01,2.834799999999999898e+01,2.300000000000000000e+01,2.300000000000000000e+01
1.465459623336791992e+02,0.000000000000000000e+00,0.000000000000000000e+00,4.203300000000000125e+01,2.834799999999999898e+01,2.300000000000000000e+01,2.300000000000000000e+01
1.477360234260559082e+02,0.000000000000000000e+00,0.000000000000000000e+00,4.188700000000000045e+01,2.849500000000000099e+01,2.300000000000000000e+01,2.300000000000000000e+01
1.489331638813018799e+02,0.000000000000000000e+00,0.000000000000000000e+00,4.208200000000000074e+01,2.854299999999999926e+01,2.300000000000000000e+01,2.300000000000000000e+01
1.501738655567169189e+02,0.000000000000000000e+00,0.000000000000000000e+00,4.222899999999999920e+01,2.849500000000000099e+01,2.300000000000000000e+01,2.300000000000000000e+01
1.513488318920135498e+02,0.000000000000000000e+00,0.000000000000000000e+00,4.227799999999999869e+01,2.849500000000000099e+01,2.300000000000000000e+01,2.300000000000000000e+01
1.525225701332092285e+02,0.000000000000000000e+00,0.000000000000000000e+00,4.252199999999999847e+01,2.854299999999999926e+01,2.300000000000000000e+01,2.300000000000000000e+01
1.536998040676116943e+02,0.000000000000000000e+00,0.000000000000000000e+00,4.252199999999999847e+01,2.854299999999999926e+01,2.300000000000000000e+01,2.300000000000000000e+01
1.548726301193237305e+02,0.000000000000000000e+00,0.000000000000000000e+00,4.252199999999999847e+01,2.854299999999999926e+01,2.300000000000000000e+01,2.300000000000000000e+01
1.560524888038635254e+02,0.000000000000000000e+00,0.000000000000000000e+00,4.261999999999999744e+01,2.864099999999999824e+01,2.300000000000000000e+01,2.300000000000000000e+01
1.572361690998077393e+02,0.000000000000000000e+00,0.000000000000000000e+00,4.252199999999999847e+01,2.878800000000000026e+01,2.300000000000000000e+01,2.300000000000000000e+01
1.584256489276885986e+02,0.000000000000000000e+00,0.000000000000000000e+00,4.266899999999999693e+01,2.883699999999999974e+01,2.300000000000000000e+01,2.300000000000000000e+01
1.596550357341766357e+02,0.000000000000000000e+00,0.000000000000000000e+00,4.261999999999999744e+01,2.864099999999999824e+01,2.300000000000000000e+01,2.300000000000000000e+01
1.608432369232177734e+02,0.000000000000000000e+00,0.000000000000000000e+00,4.271800000000000352e+01,2.883699999999999974e+01,2.300000000000000000e+01,2.300000000000000000e+01
1.620388486385345459e+02,0.000000000000000000e+00,0.000000000000000000e+00,4.276599999999999824e+01,2.878800000000000026e+01,2.300000000000000000e+01,2.300000000000000000e+01
1.632306735515594482e+02,0.000000000000000000e+00,0.000000000000000000e+00,4.271699999999999875e+01,2.883699999999999974e+01,2.300000000000000000e+01,2.300000000000000000e+01
1.644152147769927979e+02,0.000000000000000000e+00,0.000000000000000000e+00,4.291299999999999670e+01,2.878800000000000026e+01,2.300000000000000000e+01,2.300000000000000000e+01
1.656411583423614502e+02,0.000000000000000000e+00,0.000000000000000000e+00,4.281499999999999773e+01,2.878800000000000026e+01,2.300000000000000000e+01,2.300000000000000000e+01
1.668352391719818115e+02,0.000000000000000000e+00,0.000000000000000000e+00,4.261999999999999744e+01,2.888599999999999923e+01,2.300000000000000000e+01,2.300000000000000000e+01
1.680191173553466797e+02,0.000000000000000000e+00,0.000000000000000000e+00,4.266899999999999693e+01,2.888599999999999923e+01,2.300000000000000000e+01,2.300000000000000000e+01
1.692018954753875732e+02,0.000000000000000000e+00,0.000000000000000000e+00,4.286399999999999721e+01,2.888599999999999923e+01,2.300000000000000000e+01,2.300000000000000000e+01
1.703937237262725830e+02,0.000000000000000000e+00,0.000000000000000000e+00,4.271699999999999875e+01,2.912999999999999901e+01,2.300000000000000000e+01,2.300000000000000000e+01
1.715887000560760498e+02,0.000000000000000000e+00,0.000000000000000000e+00,4.281499999999999773e+01,2.898300000000000054e+01,2.300000000000000000e+01,2.300000000000000000e+01
1.727826361656188965e+02,0.000000000000000000e+00,0.000000000000000000e+00,4.281499999999999773e+01,2.898300000000000054e+01,2.300000000000000000e+01,2.300000000000000000e+01
1.739775581359863281e+02,0.000000000000000000e+00,0.000000000000000000e+00,4.266899999999999693e+01,2.908099999999999952e+01,2.300000000000000000e+01,2.300000000000000000e+01
1.751765453815460205e+02,0.000000000000000000e+00,0.000000000000000000e+00,4.257099999999999795e+01,2.898300000000000054e+01,2.300000000000000000e+01,2.300000000000000000e+01
1.763869545459747314e+02,0.000000000000000000e+00,0.000000000000000000e+00,4.252199999999999847e+01,2.908099999999999952e+01,2.300000000000000000e+01,2.300000000000000000e+01
1.775858790874481201e+02,0.000000000000000000e+00,0.000000000000000000e+00,4.252199999999999847e+01,2.932600000000000051e+01,2.300000000000000000e+01,2.300000000000000000e+01
1.787853369712829590e+02,0.000000000000000000e+00,0.000000000000000000e+00,4.252199999999999847e+01,2.917899999999999849e+01,2.300000000000000000e+01,2.300000000000000000e+01
1.799854319095611572e+02,0.000000000000000000e+00,0.000000000000000000e+00,4.257099999999999795e+01,2.927700000000000102e+01,2.300000000000000000e+01,2.300000000000000000e+01
1.811850905418395996e+02,0.000000000000000000e+00,0.000000000000000000e+00,4.257099999999999795e+01,2.927700000000000102e+01,2.300000000000000000e+01,2.300000000000000000e+01
1.823672435283660889e+02,0.000000000000000000e+00,0.000000000000000000e+00,4.252199999999999847e+01,2.903200000000000003e+01,2.300000000000000000e+01,2.300000000000000000e+01
1.835715296268463135e+02,0.000000000000000000e+00,0.000000000000000000e+00,4.252199999999999847e+01,2.917899999999999849e+01,2.300000000000000000e+01,2.300000000000000000e+01
1.847588186264038086e+02,0.000000000000000000e+00,0.000000000000000000e+00,4.252199999999999847e+01,2.922800000000000153e+01,2.300000000000000000e+01,2.300000000000000000e+01
1.859565157890319824e+02,0.000000000000000000e+00,0.000000000000000000e+00,4.242399999999999949e+01,2.922800000000000153e+01,2.300000000000000000e+01,2.300000000000000000e+01
1.871314744949340820e+02,0.000000000000000000e+00,0.000000000000000000e+00,4.247299999999999898e+01,2.932600000000000051e+01,2.300000000000000000e+01,2.300000000000000000e+01
1.883340530395507812e+02,0.000000000000000000e+00,0.000000000000000000e+00,4.242399999999999949e+01,2.937399999999999878e+01,2.300000000000000000e+01,2.300000000000000000e+01
1.895975975990295410e+02,0.000000000000000000e+00,0.000000000000000000e+00,4.213100000000000023e+01,2.927700000000000102e+01,2.300000000000000000e+01,2.300000000000000000e+01
1.907741465568542480e+02,0.000000000000000000e+00,0.000000000000000000e+00,4.203300000000000125e+01,2.937399999999999878e+01,2.300000000000000000e+01,2.300000000000000000e+01
1.919504864215850830e+02,0.000000000000000000e+00,0.000000000000000000e+00,4.208200000000000074e+01,2.927700000000000102e+01,2.300000000000000000e+01,2.300000000000000000e+01
1.931389050483703613e+02,0.000000000000000000e+00,0.000000000000000000e+00,4.208200000000000074e+01,2.937399999999999878e+01,2.300000000000000000e+01,2.300000000000000000e+01
1.943402445316314697e+02,0.000000000000000000e+00,0.000000000000000000e+00,4.203300000000000125e+01,2.942299999999999827e+01,2.300000000000000000e+01,2.300000000000000000e+01
1.955285191535949707e+02,0.000000000000000000e+00,0.000000000000000000e+00,4.203300000000000125e+01,2.932600000000000051e+01,2.300000000000000000e+01,2.300000000000000000e+01
1.967198936939239502e+02,0.000000000000000000e+00,0.000000000000000000e+00,4.193500000000000227e+01,2.961899999999999977e+01,2.300000000000000000e+01,2.300000000000000000e+01
1.979027445316314697e+02,0.000000000000000000e+00,0.000000000000000000e+00,4.169100000000000250e+01,2.957000000000000028e+01,2.300000000000000000e+01,2.300000000000000000e+01
1.990900118350982666e+02,0.000000000000000000e+00,0.000000000000000000e+00,4.154399999999999693e+01,2.952100000000000080e+01,2.300000000000000000e+01,2.300000000000000000e+01
2.002973799705505371e+02,0.000000000000000000e+00,0.000000000000000000e+00,4.159300000000000352e+01,2.947200000000000131e+01,2.300000000000000000e+01,2.300000000000000000e+01
2.014984858036041260e+02,0.000000000000000000e+00,0.000000000000000000e+00,4.159300000000000352e+01,2.971699999999999875e+01,2.300000000000000000e+01,2.300000000000000000e+01
2.027030160427093506e+02,0.000000000000000000e+00,0.000000000000000000e+00,4.154399999999999693e+01,2.966799999999999926e+01,2.300000000000000000e+01,2.300000000000000000e+01
2.039008979797363281e+02,0.000000000000000000e+00,0.000000000000000000e+00,4.154399999999999693e+01,2.971699999999999875e+01,2.300000000000000000e+01,2.300000000000000000e+01
2.050961329936981201e+02,0.000000000000000000e+00,0.000000000000000000e+00,4.139800000000000324e+01,2.966799999999999926e+01,2.300000000000000000e+01,2.300000000000000000e+01
2.063140439987182617e+02,0.000000000000000000e+00,0.000000000000000000e+00,4.139800000000000324e+01,2.961899999999999977e+01,2.300000000000000000e+01,2.300000000000000000e+01
2.074919590950012207e+02,0.000000000000000000e+00,0.000000000000000000e+00,4.120199999999999818e+01,2.966799999999999926e+01,2.300000000000000000e+01,2.300000000000000000e+01
2.086747677326202393e+02,0.000000000000000000e+00,0.000000000000000000e+00,4.115299999999999869e+01,2.971699999999999875e+01,2.300000000000000000e+01,2.300000000000000000e+01
2.098558402061462402e+02,0.000000000000000000e+00,0.000000000000000000e+00,4.105599999999999739e+01,2.976500000000000057e+01,2.300000000000000000e+01,2.300000000000000000e+01
2.110433616638183594e+02,0.000000000000000000e+00,0.000000000000000000e+00,4.105599999999999739e+01,2.966799999999999926e+01,2.300000000000000000e+01,2.300000000000000000e+01
2.122101087570190430e+02,0.000000000000000000e+00,0.000000000000000000e+00,4.105599999999999739e+01,2.966799999999999926e+01,2.300000000000000000e+01,2.300000000000000000e+01
2.133790807723999023e+02,0.000000000000000000e+00,0.000000000000000000e+00,4.100699999999999790e+01,2.986299999999999955e+01,2.300000000000000000e+01,2.300000000000000000e+01
2.145661532878875732e+02,0.000000000000000000e+00,0.000000000000000000e+00,4.095799999999999841e+01,2.966799999999999926e+01,2.300000000000000000e+01,2.300000000000000000e+01
2.157588696479797363e+02,0.000000000000000000e+00,0.000000000000000000e+00,4.090899999999999892e+01,2.971699999999999875e+01,2.300000000000000000e+01,2.300000000000000000e+01
2.169393260478973389e+02,0.000000000000000000e+00,0.000000000000000000e+00,4.071399999999999864e+01,2.976500000000000057e+01,2.300000000000000000e+01,2.300000000000000000e+01
2.181233325004577637e+02,0.000000000000000000e+00,0.000000000000000000e+00,4.071399999999999864e+01,2.966799999999999926e+01,2.300000000000000000e+01,2.300000000000000000e+01
2.193075234889984131e+02,0.000000000000000000e+00,0.000000000000000000e+00,4.056700000000000017e+01,2.966799999999999926e+01,2.300000000000000000e+01,2.300000000000000000e+01
2.204828634262084961e+02,0.000000000000000000e+00,0.000000000000000000e+00,4.056700000000000017e+01,2.981400000000000006e+01,2.300000000000000000e+01,2.300000000000000000e+01
2.216700658798217773e+02,0.000000000000000000e+00,0.000000000000000000e+00,4.051800000000000068e+01,2.976500000000000057e+01,2.300000000000000000e+01,2.300000000000000000e+01
2.228520498275756836e+02,0.000000000000000000e+00,0.000000000000000000e+00,4.051800000000000068e+01,2.996099999999999852e+01,2.300000000000000000e+01,2.300000000000000000e+01
2.240318698883056641e+02,0.000000000000000000e+00,0.000000000000000000e+00,4.017600000000000193e+01,2.981400000000000006e+01,2.300000000000000000e+01,2.300000000000000000e+01
2.252087051868438721e+02,0.000000000000000000e+00,0.000000000000000000e+00,4.007800000000000296e+01,2.981400000000000006e+01,2.300000000000000000e+01,2.300000000000000000e+01
2.264038074016571045e+02,0.000000000000000000e+00,0.000000000000000000e+00,4.007800000000000296e+01,2.976500000000000057e+01,2.300000000000000000e+01,2.300000000000000000e+01
2.275653190612792969e+02,0.000000000000000000e+00,0.000000000000000000e+00,4.007800000000000296e+01,2.976500000000000057e+01,2.300000000000000000e+01,2.300000000000000000e+01
2.287399556636810303e+02,0.000000000000000000e+00,0.000000000000000000e+00,4.017600000000000193e+01,2.986299999999999955e+01,2.300000000000000000e+01,2.300000000000000000e+01
2.299243848323822021e+02,0.000000000000000000e+00,0.000000000000000000e+00,4.007800000000000296e+01,3.005900000000000105e+01,2.300000000000000000e+01,2.300000000000000000e+01
2.311148505210876465e+02,0.000000000000000000e+00,0.000000000000000000e+00,4.002900000000000347e+01,2.991199999999999903e+01,2.300000000000000000e+01,2.300000000000000000e+01
2.322994244098663330e+02,0.000000000000000000e+00,0.000000000000000000e+00,3.983400000000000318e+01,2.986299999999999955e+01,2.300000000000000000e+01,2.300000000000000000e+01
2.334883780479431152e+02,0.000000000000000000e+00,0.000000000000000000e+00,3.963799999999999812e+01,2.981400000000000006e+01,2.300000000000000000e+01,2.300000000000000000e+01
2.346909489631652832e+02,0.000000000000000000e+00,0.000000000000000000e+00,3.968699999999999761e+01,2.986299999999999955e+01,2.300000000000000000e+01,2.300000000000000000e+01
2.359413702487945557e+02,0.000000000000000000e+00,0.000000000000000000e+00,3.963799999999999812e+01,3.001000000000000156e+01,2.300000000000000000e+01,2.300000000000000000e+01
2.371059033870697021e+02,0.000000000000000000e+00,0.000000000000000000e+00,3.958899999999999864e+01,2.986299999999999955e+01,2.300000000000000000e+01,2.300000000000000000e+01
2.382692270278930664e+02,0.000000000000000000e+00,0.000000000000000000e+00,3.954099999999999682e+01,2.991199999999999903e+01,2.300000000000000000e+01,2.300000000000000000e+01
2.394449877738952637e+02,0.000000000000000000e+00,0.000000000000000000e+00,3.958899999999999864e+01,2.991199999999999903e+01,2.300000000000000000e+01,2.300000000000000000e+01
2.406253049373626709e+02,0.000000000000000000e+00,0.000000000000000000e+00,3.944299999999999784e+01,2.991199999999999903e+01,2.300000000000000000e+01,2.300000000000000000e+01
2.418040502071380615e+02,2.204278097230201183e-01,0.000000000000000000e+00,3.929599999999999937e+01,2.991199999999999903e+01,2.300000000000000000e+01,2.300000000000000000e+01
2.429729516506195068e+02,0.000000000000000000e+00,0.000000000000000000e+00,3.914999999999999858e+01,2.991199999999999903e+01,2.300000000000000000e+01,2.300000000000000000e+01
2.441394562721252441e+02,0.000000000000000000e+00,0.000000000000000000e+00,3.929599999999999937e+01,3.005900000000000105e+01,2.300000000000000000e+01,2.300000000000000000e+01
2.453226106166839600e+02,1.795564558292994661e-02,0.000000000000000000e+00,3.910099999999999909e+01,2.986299999999999955e+01,2.300000000000000000e+01,2.300000000000000000e+01
2.464924280643463135e+02,0.000000000000000000e+00,0.000000000000000000e+00,3.910099999999999909e+01,3.010800000000000054e+01,2.300000000000000000e+01,2.300000000000000000e+01
2.476790506839752197e+02,0.000000000000000000e+00,0.000000000000000000e+00,3.910099999999999909e+01,2.986299999999999955e+01,2.300000000000000000e+01,2.300000000000000000e+01
2.488671336174011230e+02,0.000000000000000000e+00,0.000000000000000000e+00,3.905199999999999960e+01,2.981400000000000006e+01,2.300000000000000000e+01,2.300000000000000000e+01
2.500554652214050293e+02,0.000000000000000000e+00,0.000000000000000000e+00,3.890500000000000114e+01,3.001000000000000156e+01,2.300000000000000000e+01,2.300000000000000000e+01
2.512334470748901367e+02,0.000000000000000000e+00,0.000000000000000000e+00,3.890500000000000114e+01,2.991199999999999903e+01,2.300000000000000000e+01,2.300000000000000000e+01
2.524544126987457275e+02,2.616088944066966349e+00,0.000000000000000000e+00,3.866100000000000136e+01,3.010800000000000054e+01,2.300000000000000000e+01,2.300000000000000000e+01
2.536646707057952881e+02,1.155039100888707537e+00,0.000000000000000000e+00,3.861200000000000188e+01,3.001000000000000156e+01,2.300000000000000000e+01,2.300000000000000000e+01
2.548338170051574707e+02,0.000000000000000000e+00,0.000000000000000000e+00,3.856300000000000239e+01,2.986299999999999955e+01,2.300000000000000000e+01,2.300000000000000000e+01
2.560104184150695801e+02,0.000000000000000000e+00,0.000000000000000000e+00,3.856300000000000239e+01,2.996099999999999852e+01,2.300000000000000000e+01,2.300000000000000000e+01
2.572784979343414307e+02,1.337206691061268771e+00,0.000000000000000000e+00,3.841599999999999682e+01,3.005900000000000105e+01,2.300000000000000000e+01,2.300000000000000000e+01
2.584653661251068115e+02,5.378117354940314954e-01,0.000000000000000000e+00,3.831900000000000261e+01,2.991199999999999903e+01,2.300000000000000000e+01,2.300000000000000000e+01
2.596642427444458008e+02,0.000000000000000000e+00,0.000000000000000000e+00,3.822099999999999653e+01,2.996099999999999852e+01,2.300000000000000000e+01,2.300000000000000000e+01
2.608633508682250977e+02,8.800342132776748372e-01,0.000000000000000000e+00,3.812299999999999756e+01,3.015599999999999881e+01,2.300000000000000000e+01,2.300000000000000000e+01
2.620379352569580078e+02,0.000000000000000000e+00,0.000000000000000000e+00,3.812299999999999756e+01,3.010800000000000054e+01,2.300000000000000000e+01,2.300000000000000000e+01
2.632335457801818848e+02,0.000000000000000000e+00,0.000000000000000000e+00,3.812299999999999756e+01,2.991199999999999903e+01,2.300000000000000000e+01,2.300000000000000000e+01
2.644403405189514160e+02,0.000000000000000000e+00,0.000000000000000000e+00,3.812299999999999756e+01,3.020499999999999829e+01,2.300000000000000000e+01,2.300000000000000000e+01
2.658249616622924805e+02,0.000000000000000000e+00,0.000000000000000000e+00,3.807399999999999807e+01,2.986299999999999955e+01,2.300000000000000000e+01,2.300000000000000000e+01
2.670045039653778076e+02,7.795110036592838298e-01,0.000000000000000000e+00,3.797699999999999676e+01,3.020499999999999829e+01,2.300000000000000000e+01,2.300000000000000000e+01
2.681836647987365723e+02,1.308555227391618558e+00,0.000000000000000000e+00,3.778099999999999881e+01,2.991199999999999903e+01,2.300000000000000000e+01,2.300000000000000000e+01
2.693709754943847656e+02,0.000000000000000000e+00,0.000000000000000000e+00,3.792799999999999727e+01,3.001000000000000156e+01,2.300000000000000000e+01,2.300000000000000000e+01
2.705620455741882324e+02,8.670331677993452502e-01,0.000000000000000000e+00,3.768299999999999983e+01,2.991199999999999903e+01,2.300000000000000000e+01,2.300000000000000000e+01
2.717676560878753662e+02,0.000000000000000000e+00,0.000000000000000000e+00,3.768299999999999983e+01,3.010800000000000054e+01,2.300000000000000000e+01,2.300000000000000000e+01
2.729404737949371338e+02,1.006865420805105771e+00,0.000000000000000000e+00,3.753699999999999903e+01,3.005900000000000105e+01,2.300000000000000000e+01,2.300000000000000000e+01
2.741294713020324707e+02,0.000000000000000000e+00,0.000000000000000000e+00,3.763400000000000034e+01,3.005900000000000105e+01,2.300000000000000000e+01,2.300000000000000000e+01
2.754000346660614014e+02,0.000000000000000000e+00,0.000000000000000000e+00,3.763400000000000034e+01,3.010800000000000054e+01,2.300000000000000000e+01,2.300000000000000000e+01
2.766418173313140869e+02,0.000000000000000000e+00,0.000000000000000000e+00,3.753699999999999903e+01,3.010800000000000054e+01,2.300000000000000000e+01,2.300000000000000000e+01
2.778523395061492920e+02,6.986313904862235802e-01,0.000000000000000000e+00,3.743900000000000006e+01,3.015599999999999881e+01,2.300000000000000000e+01,2.300000000000000000e+01
2.790238082408905029e+02,0.000000000000000000e+00,0.000000000000000000e+00,3.739000000000000057e+01,3.005900000000000105e+01,2.300000000000000000e+01,2.300000000000000000e+01
2.813760511875152588e+02,1.521564793518091818e+00,0.000000000000000000e+00,3.724300000000000210e+01,3.010800000000000054e+01,2.300000000000000000e+01,2.300000000000000000e+01
2.825327341556549072e+02,1.362935650810314314e+00,0.000000000000000000e+00,3.714600000000000080e+01,3.005900000000000105e+01,2.300000000000000000e+01,2.300000000000000000e+01
2.847865815162658691e+02,1.906565081025242137e-01,0.000000000000000000e+00,3.714600000000000080e+01,3.005900000000000105e+01,2.300000000000000000e+01,2.300000000000000000e+01
2.859487977027893066e+02,0.000000000000000000e+00,0.000000000000000000e+00,3.714600000000000080e+01,2.996099999999999852e+01,2.300000000000000000e+01,2.300000000000000000e+01
2.871299650669097900e+02,0.000000000000000000e+00,0.000000000000000000e+00,3.709700000000000131e+01,3.005900000000000105e+01,2.300000000000000000e+01,2.300000000000000000e+01
2.883385255336761475e+02,0.000000000000000000e+00,0.000000000000000000e+00,3.729200000000000159e+01,2.996099999999999852e+01,2.300000000000000000e+01,2.300000000000000000e+01
2.895083627700805664e+02,0.000000000000000000e+00,0.000000000000000000e+00,3.709700000000000131e+01,2.991199999999999903e+01,2.300000000000000000e+01,2.300000000000000000e+01
2.907275815010070801e+02,0.000000000000000000e+00,0.000000000000000000e+00,3.709700000000000131e+01,2.996099999999999852e+01,2.300000000000000000e+01,2.300000000000000000e+01
2.920512590408325195e+02,0.000000000000000000e+00,0.000000000000000000e+00,3.709700000000000131e+01,3.005900000000000105e+01,2.300000000000000000e+01,2.300000000000000000e+01
2.932708346843719482e+02,6.348279404077850074e-01,0.000000000000000000e+00,3.699900000000000233e+01,3.015599999999999881e+01,2.300000000000000000e+01,2.300000000000000000e+01
2.944949533939361572e+02,0.000000000000000000e+00,0.000000000000000000e+00,3.704800000000000182e+01,2.991199999999999903e+01,2.300000000000000000e+01,2.300000000000000000e+01
2.956550822257995605e+02,6.204830893884327736e-01,0.000000000000000000e+00,3.690100000000000335e+01,3.001000000000000156e+01,2.300000000000000000e+01,2.300000000000000000e+01
2.968125083446502686e+02,1.187492550967110816e+00,0.000000000000000000e+00,3.675500000000000256e+01,3.005900000000000105e+01,2.300000000000000000e+01,2.300000000000000000e+01
2.979816708564758301e+02,1.306435729221227859e+00,0.000000000000000000e+00,3.665699999999999648e+01,3.001000000000000156e+01,2.300000000000000000e+01,2.300000000000000000e+01
2.991511588096618652e+02,4.012789074752802776e-01,0.000000000000000000e+00,3.665699999999999648e+01,3.020499999999999829e+01,2.300000000000000000e+01,2.300000000000000000e+01
3.003100748062133789e+02,0.000000000000000000e+00,0.000000000000000000e+00,3.665699999999999648e+01,3.001000000000000156e+01,2.300000000000000000e+01,2.300000000000000000e+01
3.014744508266448975e+02,0.000000000000000000e+00,0.000000000000000000e+00,3.665699999999999648e+01,2.996099999999999852e+01,2.300000000000000000e+01,2.300000000000000000e+01
3.026376943588256836e+02,3.493894406701869570e-02,0.000000000000000000e+00,3.660799999999999699e+01,3.005900000000000105e+01,2.300000000000000000e+01,2.300000000000000000e+01
3.038084793090820312e+02,0.000000000000000000e+00,0.000000000000000000e+00,3.665699999999999648e+01,3.005900000000000105e+01,2.300000000000000000e+01,2.300000000000000000e+01
3.049719908237457275e+02,2.341826973341305518e-01,0.000000000000000000e+00,3.650999999999999801e+01,3.001000000000000156e+01,2.300000000000000000e+01,2.300000000000000000e+01
3.061411921977996826e+02,0.000000000000000000e+00,0.000000000000000000e+00,3.655899999999999750e+01,2.996099999999999852e+01,2.300000000000000000e+01,2.300000000000000000e+01
3.073032739162445068e+02,0.000000000000000000e+00,0.000000000000000000e+00,3.650999999999999801e+01,2.996099999999999852e+01,2.300000000000000000e+01,2.300000000000000000e+01
3.084764814376831055e+02,4.759639048615866841e-01,0.000000000000000000e+00,3.641299999999999670e+01,3.001000000000000156e+01,2.300000000000000000e+01,2.300000000000000000e+01
3.096345157623291016e+02,1.320545687402084667e+00,0.000000000000000000e+00,3.626599999999999824e+01,2.996099999999999852e+01,2.300000000000000000e+01,2.300000000000000000e+01
3.107943525314331055e+02,6.289774699425993987e-01,0.000000000000000000e+00,3.626599999999999824e+01,2.971699999999999875e+01,2.300000000000000000e+01,2.300000000000000000e+01
3.119583444595336914e+02,1.015042969158479025e+00,0.000000000000000000e+00,3.616799999999999926e+01,3.005900000000000105e+01,2.300000000000000000e+01,2.300000000000000000e+01
3.131310548782348633e+02,3.770084683743704090e-01,0.000000000000000000e+00,3.616799999999999926e+01,3.001000000000000156e+01,2.300000000000000000e+01,2.300000000000000000e+01
3.142951583862304688e+02,0.000000000000000000e+00,0.000000000000000000e+00,3.616799999999999926e+01,2.996099999999999852e+01,2.300000000000000000e+01,2.300000000000000000e+01
3.154555928707122803e+02,0.000000000000000000e+00,0.000000000000000000e+00,3.616799999999999926e+01,3.005900000000000105e+01,2.300000000000000000e+01,2.300000000000000000e+01
3.166131234169006348e+02,0.000000000000000000e+00,0.000000000000000000e+00,3.616799999999999926e+01,3.001000000000000156e+01,2.300000000000000000e+01,2.300000000000000000e+01
3.177822811603546143e+02,0.000000000000000000e+00,0.000000000000000000e+00,3.616799999999999926e+01,2.986299999999999955e+01,2.300000000000000000e+01,2.300000000000000000e+01
3.189396884441375732e+02,0.000000000000000000e+00,0.000000000000000000e+00,3.621699999999999875e+01,3.005900000000000105e+01,2.300000000000000000e+01,2.300000000000000000e+01
3.201040058135986328e+02,8.166076842656302404e-01,0.000000000000000000e+00,3.607000000000000028e+01,2.996099999999999852e+01,2.300000000000000000e+01,2.300000000000000000e+01
3.212613804340362549e+02,2.321069001569000534e-01,0.000000000000000000e+00,3.607000000000000028e+01,2.986299999999999955e+01,2.300000000000000000e+01,2.300000000000000000e+01
3.224304780960083008e+02,3.408327861996927055e+00,0.000000000000000000e+00,3.572800000000000153e+01,3.001000000000000156e+01,2.300000000000000000e+01,2.300000000000000000e+01
3.236027030944824219e+02,3.010648823836968191e+00,0.000000000000000000e+00,3.572800000000000153e+01,3.001000000000000156e+01,2.300000000000000000e+01,2.300000000000000000e+01
3.247579550743103027e+02,3.151786644014693550e+00,0.000000000000000000e+00,3.567900000000000205e+01,2.996099999999999852e+01,2.300000000000000000e+01,2.300000000000000000e+01
3.259278137683868408e+02,3.308695060115078412e+00,0.000000000000000000e+00,3.563100000000000023e+01,2.996099999999999852e+01,2.300000000000000000e+01,2.300000000000000000e+01
3.270953476428985596e+02,1.897366021955106064e+00,0.000000000000000000e+00,3.572800000000000153e+01,2.996099999999999852e+01,2.300000000000000000e+01,2.300000000000000000e+01
3.284474253654479980e+02,2.038503842132831423e+00,0.000000000000000000e+00,3.567900000000000205e+01,2.996099999999999852e+01,2.300000000000000000e+01,2.300000000000000000e+01
3.296471889019012451e+02,2.195412258233214509e+00,0.000000000000000000e+00,3.563100000000000023e+01,2.981400000000000006e+01,2.300000000000000000e+01,2.300000000000000000e+01
3.308036248683929443e+02,2.389537532671265119e+00,0.000000000000000000e+00,3.558200000000000074e+01,2.996099999999999852e+01,2.300000000000000000e+01,2.300000000000000000e+01
3.319671843051910400e+02,1.532795948771636496e+00,0.000000000000000000e+00,3.563100000000000023e+01,2.981400000000000006e+01,2.300000000000000000e+01,2.300000000000000000e+01
3.331267900466918945e+02,6.602837689493474826e-01,0.000000000000000000e+00,3.567900000000000205e+01,2.996099999999999852e+01,2.300000000000000000e+01,2.300000000000000000e+01
3.342823612689971924e+02,2.893715891270778329e-01,0.000000000000000000e+00,3.567900000000000205e+01,2.981400000000000006e+01,2.300000000000000000e+01,2.300000000000000000e+01
3.354453954696655273e+02,4.462800052274618068e-01,0.000000000000000000e+00,3.563100000000000023e+01,2.981400000000000006e+01,2.300000000000000000e+01,2.300000000000000000e+01
3.366122283935546875e+02,0.000000000000000000e+00,0.000000000000000000e+00,3.567900000000000205e+01,2.981400000000000006e+01,2.300000000000000000e+01,2.300000000000000000e+01
3.377804219722747803e+02,1.015884213278273052e-01,0.000000000000000000e+00,3.563100000000000023e+01,2.986299999999999955e+01,2.300000000000000000e+01,2.300000000000000000e+01
3.389543933868408203e+02,2.957136957658779153e-01,0.000000000000000000e+00,3.558200000000000074e+01,2.981400000000000006e+01,2.300000000000000000e+01,2.300000000000000000e+01
3.401328535079956055e+02,1.594239545216984411e+00,0.000000000000000000e+00,3.543500000000000227e+01,2.986299999999999955e+01,2.300000000000000000e+01,2.300000000000000000e+01
3.413210117816925049e+02,1.356615394668106767e+00,0.000000000000000000e+00,3.543500000000000227e+01,2.976500000000000057e+01,2.300000000000000000e+01,2.300000000000000000e+01
3.425434188842773438e+02,2.735441819132359065e+00,0.000000000000000000e+00,3.528799999999999670e+01,2.981400000000000006e+01,2.300000000000000000e+01,2.300000000000000000e+01
3.437761344909667969e+02,0.000000000000000000e+00,0.000000000000000000e+00,3.553300000000000125e+01,3.001000000000000156e+01,2.300000000000000000e+01,2.300000000000000000e+01
3.449514503479003906e+02,2.039301385258790678e+00,0.000000000000000000e+00,3.533700000000000330e+01,2.971699999999999875e+01,2.300000000000000000e+01,2.300000000000000000e+01
3.461220011711120605e+02,2.394027809723054290e+00,0.000000000000000000e+00,3.528799999999999670e+01,2.981400000000000006e+01,2.300000000000000000e+01,2.300000000000000000e+01
3.472883758544921875e+02,2.775521092524932509e+00,0.000000000000000000e+00,3.523899999999999721e+01,2.986299999999999955e+01,2.300000000000000000e+01,2.300000000000000000e+01
3.484698517322540283e+02,2.106147516989132384e+00,0.000000000000000000e+00,3.528799999999999670e+01,3.001000000000000156e+01,2.300000000000000000e+01,2.300000000000000000e+01
3.496548323631286621e+02,2.487640799791009716e+00,0.000000000000000000e+00,3.523899999999999721e+01,2.991199999999999903e+01,2.300000000000000000e+01,2.300000000000000000e+01
3.508337533473968506e+02,2.357084082592893370e+00,0.000000000000000000e+00,3.523899999999999721e+01,2.981400000000000006e+01,2.300000000000000000e+01,2.300000000000000000e+01
3.520315496921539307e+02,7.125993204396330327e-02,0.000000000000000000e+00,3.543500000000000227e+01,2.976500000000000057e+01,2.300000000000000000e+01,2.300000000000000000e+01
3.532732357978820801e+02,1.450086356508215601e+00,0.000000000000000000e+00,3.528799999999999670e+01,2.981400000000000006e+01,2.300000000000000000e+01,2.300000000000000000e+01
3.544355068206787109e+02,7.539459226346472143e-01,0.000000000000000000e+00,3.533700000000000330e+01,2.981400000000000006e+01,2.300000000000000000e+01,2.300000000000000000e+01
3.556002438068389893e+02,5.698554887611488873e-01,0.000000000000000000e+00,3.533700000000000330e+01,3.001000000000000156e+01,2.300000000000000000e+01,2.300000000000000000e+01
3.567665593624114990e+02,9.245819132254120554e-01,0.000000000000000000e+00,3.528799999999999670e+01,2.986299999999999955e+01,2.300000000000000000e+01,2.300000000000000000e+01
3.579271905422210693e+02,1.306075196027289831e+00,0.000000000000000000e+00,3.523899999999999721e+01,2.976500000000000057e+01,2.300000000000000000e+01,2.300000000000000000e+01
3.590919351577758789e+02,6.367016204914892619e-01,0.000000000000000000e+00,3.528799999999999670e+01,2.971699999999999875e+01,2.300000000000000000e+01,2.300000000000000000e+01
3.602732353210449219e+02,1.018194903293367481e+00,0.000000000000000000e+00,3.523899999999999721e+01,3.001000000000000156e+01,2.300000000000000000e+01,2.300000000000000000e+01
3.614493300914764404e+02,1.415458782017827266e+00,0.000000000000000000e+00,3.519100000000000250e+01,2.996099999999999852e+01,2.300000000000000000e+01,2.300000000000000000e+01
3.626247336864471436e+02,1.311122660742342072e+00,0.000000000000000000e+00,3.519100000000000250e+01,2.991199999999999903e+01,2.300000000000000000e+01,2.300000000000000000e+01
3.637920556068420410e+02,1.206786539466857322e+00,0.000000000000000000e+00,3.519100000000000250e+01,2.991199999999999903e+01,2.300000000000000000e+01,2.300000000000000000e+01
3.649540841579437256e+02,3.581296393111221832e-02,0.000000000000000000e+00,3.528799999999999670e+01,2.981400000000000006e+01,2.300000000000000000e+01,2.300000000000000000e+01
3.661318688392639160e+02,9.451268426555665680e-01,0.000000000000000000e+00,3.519100000000000250e+01,2.996099999999999852e+01,2.300000000000000000e+01,2.300000000000000000e+01
3.673227987289428711e+02,0.000000000000000000e+00,0.000000000000000000e+00,3.533700000000000330e+01,2.976500000000000057e+01,2.300000000000000000e+01,2.300000000000000000e+01
3.685582516193389893e+02,1.379607579717765820e+00,0.000000000000000000e+00,3.514200000000000301e+01,2.976500000000000057e+01,2.300000000000000000e+01,2.300000000000000000e+01
3.697157688140869141e+02,2.354008625197097082e-01,0.000000000000000000e+00,3.523899999999999721e+01,2.981400000000000006e+01,2.300000000000000000e+01,2.300000000000000000e+01
3.708763351440429688e+02,6.326647412441694929e-01,0.000000000000000000e+00,3.519100000000000250e+01,2.971699999999999875e+01,2.300000000000000000e+01,2.300000000000000000e+01
3.720405685901641846e+02,0.000000000000000000e+00,0.000000000000000000e+00,3.528799999999999670e+01,2.966799999999999926e+01,2.300000000000000000e+01,2.300000000000000000e+01
3.731978197097778320e+02,5.080240461081686476e-04,0.000000000000000000e+00,3.523899999999999721e+01,2.971699999999999875e+01,2.300000000000000000e+01,2.300000000000000000e+01
3.743770844936370850e+02,3.977719027705679533e-01,0.000000000000000000e+00,3.519100000000000250e+01,2.991199999999999903e+01,2.300000000000000000e+01,2.300000000000000000e+01
3.755420160293579102e+02,0.000000000000000000e+00,0.000000000000000000e+00,3.523899999999999721e+01,2.996099999999999852e+01,2.300000000000000000e+01,2.300000000000000000e+01
3.767022917270660400e+02,0.000000000000000000e+00,0.000000000000000000e+00,3.528799999999999670e+01,2.981400000000000006e+01,2.300000000000000000e+01,2.300000000000000000e+01
3.778579547405242920e+02,2.934357814950827592e-01,0.000000000000000000e+00,3.519100000000000250e+01,2.986299999999999955e+01,2.300000000000000000e+01,2.300000000000000000e+01
3.790341660976409912e+02,1.890996602195980092e-01,0.000000000000000000e+00,3.519100000000000250e+01,2.976500000000000057e+01,2.300000000000000000e+01,2.300000000000000000e+01
3.801992897987365723e+02,8.476353894411325918e-02,0.000000000000000000e+00,3.519100000000000250e+01,2.986299999999999955e+01,2.300000000000000000e+01,2.300000000000000000e+01
3.813564836978912354e+02,0.000000000000000000e+00,0.000000000000000000e+00,3.528799999999999670e+01,2.976500000000000057e+01,2.300000000000000000e+01,2.300000000000000000e+01
3.825360989570617676e+02,0.000000000000000000e+00,0.000000000000000000e+00,3.528799999999999670e+01,2.976500000000000057e+01,2.300000000000000000e+01,2.300000000000000000e+01
3.837178711891174316e+02,0.000000000000000000e+00,0.000000000000000000e+00,3.519100000000000250e+01,3.001000000000000156e+01,2.300000000000000000e+01,2.300000000000000000e+01
3.849036288261413574e+02,0.000000000000000000e+00,0.000000000000000000e+00,3.519100000000000250e+01,2.971699999999999875e+01,2.300000000000000000e+01,2.300000000000000000e+01
3.860820281505584717e+02,0.000000000000000000e+00,0.000000000000000000e+00,3.519100000000000250e+01,2.971699999999999875e+01,2.300000000000000000e+01,2.300000000000000000e+01
3.872429614067077637e+02,0.000000000000000000e+00,0.000000000000000000e+00,3.519100000000000250e+01,2.991199999999999903e+01,2.300000000000000000e+01,2.300000000000000000e+01
3.884205105304718018e+02,0.000000000000000000e+00,0.000000000000000000e+00,3.528799999999999670e+01,3.001000000000000156e+01,2.300000000000000000e+01,2.300000000000000000e+01
3.896018617153167725e+02,0.000000000000000000e+00,0.000000000000000000e+00,3.519100000000000250e+01,2.976500000000000057e+01,2.300000000000000000e+01,2.300000000000000000e+01
3.907802734375000000e+02,0.000000000000000000e+00,0.000000000000000000e+00,3.523899999999999721e+01,2.966799999999999926e+01,2.300000000000000000e+01,2.300000000000000000e+01
3.919470298290252686e+02,0.000000000000000000e+00,0.000000000000000000e+00,3.519100000000000250e+01,2.976500000000000057e+01,2.300000000000000000e+01,2.300000000000000000e+01
3.931195132732391357e+02,0.000000000000000000e+00,0.000000000000000000e+00,3.519100000000000250e+01,2.976500000000000057e+01,2.300000000000000000e+01,2.300000000000000000e+01
3.942900497913360596e+02,0.000000000000000000e+00,0.000000000000000000e+00,3.523899999999999721e+01,2.991199999999999903e+01,2.300000000000000000e+01,2.300000000000000000e+01
3.954575359821319580e+02,0.000000000000000000e+00,0.000000000000000000e+00,3.519100000000000250e+01,2.971699999999999875e+01,2.300000000000000000e+01,2.300000000000000000e+01
3.966271429061889648e+02,0.000000000000000000e+00,0.000000000000000000e+00,3.523899999999999721e+01,2.981400000000000006e+01,2.300000000000000000e+01,2.300000000000000000e+01
3.978074831962585449e+02,0.000000000000000000e+00,0.000000000000000000e+00,3.519100000000000250e+01,2.976500000000000057e+01,2.300000000000000000e+01,2.300000000000000000e+01
3.989880537986755371e+02,0.000000000000000000e+00,0.000000000000000000e+00,3.519100000000000250e+01,2.971699999999999875e+01,2.300000000000000000e+01,2.300000000000000000e+01
4.001782858371734619e+02,1.058061134343995846e+00,0.000000000000000000e+00,3.509300000000000352e+01,2.991199999999999903e+01,2.300000000000000000e+01,2.300000000000000000e+01
4.013671896457672119e+02,3.701343021432387026e+00,0.000000000000000000e+00,3.484799999999999898e+01,2.971699999999999875e+01,2.300000000000000000e+01,2.300000000000000000e+01
4.025366120338439941e+02,1.090290616832232828e+00,0.000000000000000000e+00,3.509300000000000352e+01,3.001000000000000156e+01,2.300000000000000000e+01,2.300000000000000000e+01
4.037093060016632080e+02,0.000000000000000000e+00,0.000000000000000000e+00,3.523899999999999721e+01,2.976500000000000057e+01,2.300000000000000000e+01,2.300000000000000000e+01
4.048742995262145996e+02,2.117121928907572226e+00,0.000000000000000000e+00,3.499499999999999744e+01,2.996099999999999852e+01,2.300000000000000000e+01,2.300000000000000000e+01
4.060406165122985840e+02,2.119853240982847886e+00,0.000000000000000000e+00,3.499499999999999744e+01,2.981400000000000006e+01,2.300000000000000000e+01,2.300000000000000000e+01
4.072938823699951172e+02,2.661401411395807770e+00,0.000000000000000000e+00,3.494599999999999795e+01,2.986299999999999955e+01,2.300000000000000000e+01,2.300000000000000000e+01
4.084596090316772461e+02,2.690899581808772645e+00,0.000000000000000000e+00,3.494599999999999795e+01,2.991199999999999903e+01,2.300000000000000000e+01,2.300000000000000000e+01
4.096274425983428955e+02,4.325852064819759590e+00,0.000000000000000000e+00,3.479999999999999716e+01,2.991199999999999903e+01,2.300000000000000000e+01,2.300000000000000000e+01
4.108149201869964600e+02,4.435104547830739818e+00,0.000000000000000000e+00,3.479999999999999716e+01,2.991199999999999903e+01,2.300000000000000000e+01,2.300000000000000000e+01
4.119625868797302246e+02,7.238441322530137612e+00,0.000000000000000000e+00,3.455499999999999972e+01,2.981400000000000006e+01,2.300000000000000000e+01,2.300000000000000000e+01
4.131119930744171143e+02,4.259623209618489170e+00,0.000000000000000000e+00,3.484799999999999898e+01,2.976500000000000057e+01,2.300000000000000000e+01,2.300000000000000000e+01
4.142665717601776123e+02,4.870475692629486986e+00,0.000000000000000000e+00,3.479999999999999716e+01,2.981400000000000006e+01,2.300000000000000000e+01,2.300000000000000000e+01
4.154400348663330078e+02,5.518545033978149661e+00,0.000000000000000000e+00,3.475099999999999767e+01,2.976500000000000057e+01,2.300000000000000000e+01,2.300000000000000000e+01
4.165893766880035400e+02,5.115747516989134880e+00,0.000000000000000000e+00,3.479999999999999716e+01,2.961899999999999977e+01,2.300000000000000000e+01,2.300000000000000000e+01
4.177526237964630127e+02,6.302633716675480891e+00,0.000000000000000000e+00,3.470199999999999818e+01,2.981400000000000006e+01,2.300000000000000000e+01,2.300000000000000000e+01
4.189234271049499512e+02,5.926603058024154436e+00,0.000000000000000000e+00,3.475099999999999767e+01,2.976500000000000057e+01,2.300000000000000000e+01,2.300000000000000000e+01
4.201062836647033691e+02,5.523805541035139655e+00,0.000000000000000000e+00,3.479999999999999716e+01,2.981400000000000006e+01,2.300000000000000000e+01,2.300000000000000000e+01
4.212817854881286621e+02,6.710691740721485665e+00,0.000000000000000000e+00,3.470199999999999818e+01,2.966799999999999926e+01,2.300000000000000000e+01,2.300000000000000000e+01
4.224454107284545898e+02,5.268023627809821363e+00,0.000000000000000000e+00,3.484799999999999898e+01,2.971699999999999875e+01,2.300000000000000000e+01,2.300000000000000000e+01
4.236081900596618652e+02,5.351055514898164667e+00,0.000000000000000000e+00,3.484799999999999898e+01,2.966799999999999926e+01,2.300000000000000000e+01,2.300000000000000000e+01
4.247686507701873779e+02,6.500724856246845818e+00,0.000000000000000000e+00,3.475099999999999767e+01,2.966799999999999926e+01,2.300000000000000000e+01,2.300000000000000000e+01
4.259146652221679688e+02,7.175561055933197707e+00,0.000000000000000000e+00,3.470199999999999818e+01,3.001000000000000156e+01,2.300000000000000000e+01,2.300000000000000000e+01
4.270653464794158936e+02,6.799530397281872141e+00,0.000000000000000000e+00,3.475099999999999767e+01,2.991199999999999903e+01,2.300000000000000000e+01,2.300000000000000000e+01
4.282360885143280029e+02,6.396732880292857359e+00,0.000000000000000000e+00,3.479999999999999716e+01,3.001000000000000156e+01,2.300000000000000000e+01,2.300000000000000000e+01
4.294118108749389648e+02,3.822897334030445737e+00,0.000000000000000000e+00,3.504399999999999693e+01,3.005900000000000105e+01,2.300000000000000000e+01,2.300000000000000000e+01
4.305666825771331787e+02,3.798861787768032183e+00,0.000000000000000000e+00,3.504399999999999693e+01,2.981400000000000006e+01,2.300000000000000000e+01,2.300000000000000000e+01
4.317184894084930420e+02,3.774826241505618629e+00,0.000000000000000000e+00,3.504399999999999693e+01,2.986299999999999955e+01,2.300000000000000000e+01,2.300000000000000000e+01
4.328670327663421631e+02,2.673156978567759801e+00,0.000000000000000000e+00,3.514200000000000301e+01,2.976500000000000057e+01,2.300000000000000000e+01,2.300000000000000000e+01
4.340186924934387207e+02,2.595587715629964265e+00,0.000000000000000000e+00,3.514200000000000301e+01,2.971699999999999875e+01,2.300000000000000000e+01,2.300000000000000000e+01
4.351750249862670898e+02,1.451380998431908598e+00,0.000000000000000000e+00,3.523899999999999721e+01,2.981400000000000006e+01,2.300000000000000000e+01,2.300000000000000000e+01
4.363265817165374756e+02,1.848644877156367938e+00,0.000000000000000000e+00,3.519100000000000250e+01,2.981400000000000006e+01,2.300000000000000000e+01,2.300000000000000000e+01
4.374779372215270996e+02,1.388544432828608954e-01,0.000000000000000000e+00,3.533700000000000330e+01,2.981400000000000006e+01,2.300000000000000000e+01,2.300000000000000000e+01
4.386322686672210693e+02,0.000000000000000000e+00,0.000000000000000000e+00,3.538600000000000279e+01,2.966799999999999926e+01,2.300000000000000000e+01,2.300000000000000000e+01
4.397940125465393066e+02,0.000000000000000000e+00,0.000000000000000000e+00,3.558200000000000074e+01,2.981400000000000006e+01,2.300000000000000000e+01,2.300000000000000000e+01
4.409497122764587402e+02,0.000000000000000000e+00,0.000000000000000000e+00,3.567900000000000205e+01,2.976500000000000057e+01,2.300000000000000000e+01,2.300000000000000000e+01
4.420991425514221191e+02,0.000000000000000000e+00,0.000000000000000000e+00,3.567900000000000205e+01,2.957000000000000028e+01,2.300000000000000000e+01,2.300000000000000000e+01
4.432642259597778320e+02,0.000000000000000000e+00,0.000000000000000000e+00,3.563100000000000023e+01,2.986299999999999955e+01,2.300000000000000000e+01,2.300000000000000000e+01
4.444207878112792969e+02,0.000000000000000000e+00,0.000000000000000000e+00,3.567900000000000205e+01,2.986299999999999955e+01,2.300000000000000000e+01,2.300000000000000000e+01
4.455802109241485596e+02,0.000000000000000000e+00,0.000000000000000000e+00,3.572800000000000153e+01,2.986299999999999955e+01,2.300000000000000000e+01,2.300000000000000000e+01
4.467323026657104492e+02,0.000000000000000000e+00,0.000000000000000000e+00,3.587500000000000000e+01,2.981400000000000006e+01,2.300000000000000000e+01,2.300000000000000000e+01
4.478959813117980957e+02,0.000000000000000000e+00,0.000000000000000000e+00,3.607000000000000028e+01,2.986299999999999955e+01,2.300000000000000000e+01,2.300000000000000000e+01
4.491011040210723877e+02,0.000000000000000000e+00,0.000000000000000000e+00,3.611899999999999977e+01,2.976500000000000057e+01,2.300000000000000000e+01,2.300000000000000000e+01
4.502616212368011475e+02,0.000000000000000000e+00,0.000000000000000000e+00,3.611899999999999977e+01,2.981400000000000006e+01,2.300000000000000000e+01,2.300000000000000000e+01
4.514145195484161377e+02,0.000000000000000000e+00,0.000000000000000000e+00,3.616799999999999926e+01,2.976500000000000057e+01,2.300000000000000000e+01,2.300000000000000000e+01
4.525765357017517090e+02,0.000000000000000000e+00,0.000000000000000000e+00,3.616799999999999926e+01,2.966799999999999926e+01,2.300000000000000000e+01,2.300000000000000000e+01
4.537423350811004639e+02,0.000000000000000000e+00,0.000000000000000000e+00,3.616799999999999926e+01,2.971699999999999875e+01,2.300000000000000000e+01,2.300000000000000000e+01
4.548927183151245117e+02,0.000000000000000000e+00,0.000000000000000000e+00,3.626599999999999824e+01,2.971699999999999875e+01,2.300000000000000000e+01,2.300000000000000000e+01
4.560454447269439697e+02,0.000000000000000000e+00,0.000000000000000000e+00,3.626599999999999824e+01,2.986299999999999955e+01,2.300000000000000000e+01,2.300000000000000000e+01
4.572756097316741943e+02,0.000000000000000000e+00,0.000000000000000000e+00,3.621699999999999875e+01,2.981400000000000006e+01,2.300000000000000000e+01,2.300000000000000000e+01
4.584234125614166260e+02,0.000000000000000000e+00,0.000000000000000000e+00,3.631499999999999773e+01,2.981400000000000006e+01,2.300000000000000000e+01,2.300000000000000000e+01
4.595767157077789307e+02,0.000000000000000000e+00,0.000000000000000000e+00,3.646099999999999852e+01,2.966799999999999926e+01,2.300000000000000000e+01,2.300000000000000000e+01
4.607379074096679688e+02,0.000000000000000000e+00,0.000000000000000000e+00,3.650999999999999801e+01,2.981400000000000006e+01,2.300000000000000000e+01,2.300000000000000000e+01
4.618949320316314697e+02,0.000000000000000000e+00,0.000000000000000000e+00,3.670600000000000307e+01,2.976500000000000057e+01,2.300000000000000000e+01,2.300000000000000000e+01
4.630447497367858887e+02,0.000000000000000000e+00,0.000000000000000000e+00,3.660799999999999699e+01,2.971699999999999875e+01,2.300000000000000000e+01,2.300000000000000000e+01
4.641967692375183105e+02,0.000000000000000000e+00,0.000000000000000000e+00,3.660799999999999699e+01,2.966799999999999926e+01,2.300000000000000000e+01,2.300000000000000000e+01
4.653520121574401855e+02,0.000000000000000000e+00,0.000000000000000000e+00,3.655899999999999750e+01,2.971699999999999875e+01,2.300000000000000000e+01,2.300000000000000000e+01
4.665487053394317627e+02,0.000000000000000000e+00,0.000000000000000000e+00,3.660799999999999699e+01,2.981400000000000006e+01,2.300000000000000000e+01,2.300000000000000000e+01
4.677082014083862305e+02,0.000000000000000000e+00,0.000000000000000000e+00,3.665699999999999648e+01,2.981400000000000006e+01,2.300000000000000000e+01,2.300000000000000000e+01
4.688856699466705322e+02,0.000000000000000000e+00,0.000000000000000000e+00,3.665699999999999648e+01,2.981400000000000006e+01,2.300000000000000000e+01,2.300000000000000000e+01
4.700592617988586426e+02,0.000000000000000000e+00,0.000000000000000000e+00,3.660799999999999699e+01,2.986299999999999955e+01,2.300000000000000000e+01,2.300000000000000000e+01
4.712195153236389160e+02,0.000000000000000000e+00,0.000000000000000000e+00,3.660799999999999699e+01,2.971699999999999875e+01,2.300000000000000000e+01,2.300000000000000000e+01
4.723780367374420166e+02,0.000000000000000000e+00,0.000000000000000000e+00,3.665699999999999648e+01,2.971699999999999875e+01,2.300000000000000000e+01,2.300000000000000000e+01
4.735445988178253174e+02,0.000000000000000000e+00,0.000000000000000000e+00,3.670600000000000307e+01,2.986299999999999955e+01,2.300000000000000000e+01,2.300000000000000000e+01
4.747133352756500244e+02,0.000000000000000000e+00,0.000000000000000000e+00,3.665699999999999648e+01,2.976500000000000057e+01,2.300000000000000000e+01,2.300000000000000000e+01
4.758823912143707275e+02,0.000000000000000000e+00,0.000000000000000000e+00,3.665699999999999648e+01,2.981400000000000006e+01,2.300000000000000000e+01,2.300000000000000000e+01
4.770382461547851562e+02,0.000000000000000000e+00,0.000000000000000000e+00,3.655899999999999750e+01,2.971699999999999875e+01,2.300000000000000000e+01,2.300000000000000000e+01
4.782060601711273193e+02,0.000000000000000000e+00,0.000000000000000000e+00,3.650999999999999801e+01,2.981400000000000006e+01,2.300000000000000000e+01,2.300000000000000000e+01
4.793718953132629395e+02,0.000000000000000000e+00,0.000000000000000000e+00,3.650999999999999801e+01,2.981400000000000006e+01,2.300000000000000000e+01,2.300000000000000000e+01
4.805544533729553223e+02,0.000000000000000000e+00,0.000000000000000000e+00,3.636399999999999721e+01,2.986299999999999955e+01,2.300000000000000000e+01,2.300000000000000000e+01
4.817252132892608643e+02,0.000000000000000000e+00,0.000000000000000000e+00,3.631499999999999773e+01,2.981400000000000006e+01,2.300000000000000000e+01,2.300000000000000000e+01
4.828888039588928223e+02,0.000000000000000000e+00,0.000000000000000000e+00,3.636399999999999721e+01,2.981400000000000006e+01,2.300000000000000000e+01,2.300000000000000000e+01
4.840571808815002441e+02,0.000000000000000000e+00,0.000000000000000000e+00,3.616799999999999926e+01,2.976500000000000057e+01,2.300000000000000000e+01,2.300000000000000000e+01
4.852224850654602051e+02,0.000000000000000000e+00,0.000000000000000000e+00,3.616799999999999926e+01,2.976500000000000057e+01,2.300000000000000000e+01,2.300000000000000000e+01
4.863781151771545410e+02,0.000000000000000000e+00,0.000000000000000000e+00,3.616799999999999926e+01,2.981400000000000006e+01,2.300000000000000000e+01,2.300000000000000000e+01
4.875399827957153320e+02,0.000000000000000000e+00,0.000000000000000000e+00,3.616799999999999926e+01,2.971699999999999875e+01,2.300000000000000000e+01,2.300000000000000000e+01
4.887141218185424805e+02,0.000000000000000000e+00,0.000000000000000000e+00,3.616799999999999926e+01,2.971699999999999875e+01,2.300000000000000000e+01,2.300000000000000000e+01
4.898921117782592773e+02,0.000000000000000000e+00,0.000000000000000000e+00,3.621699999999999875e+01,2.976500000000000057e+01,2.300000000000000000e+01,2.300000000000000000e+01
4.910678498744964600e+02,0.000000000000000000e+00,0.000000000000000000e+00,3.621699999999999875e+01,2.996099999999999852e+01,2.300000000000000000e+01,2.300000000000000000e+01
4.922333195209503174e+02,0.000000000000000000e+00,0.000000000000000000e+00,3.616799999999999926e+01,2.991199999999999903e+01,2.300000000000000000e+01,2.300000000000000000e+01
4.933986713886260986e+02,0.000000000000000000e+00,0.000000000000000000e+00,3.616799999999999926e+01,2.986299999999999955e+01,2.300000000000000000e+01,2.300000000000000000e+01
4.945719144344329834e+02,0.000000000000000000e+00,0.000000000000000000e+00,3.616799999999999926e+01,2.981400000000000006e+01,2.300000000000000000e+01,2.300000000000000000e+01
4.957415335178375244e+02,0.000000000000000000e+00,0.000000000000000000e+00,3.621699999999999875e+01,2.981400000000000006e+01,2.300000000000000000e+01,2.300000000000000000e+01
4.969005060195922852e+02,0.000000000000000000e+00,0.000000000000000000e+00,3.611899999999999977e+01,2.976500000000000057e+01,2.300000000000000000e+01,2.300000000000000000e+01
4.980624995231628418e+02,0.000000000000000000e+00,0.000000000000000000e+00,3.607000000000000028e+01,2.986299999999999955e+01,2.300000000000000000e+01,2.300000000000000000e+01
4.992396969795227051e+02,0.000000000000000000e+00,0.000000000000000000e+00,3.602199999999999847e+01,2.986299999999999955e+01,2.300000000000000000e+01,2.300000000000000000e+01
5.004152481555938721e+02,0.000000000000000000e+00,0.000000000000000000e+00,3.597299999999999898e+01,2.981400000000000006e+01,2.300000000000000000e+01,2.300000000000000000e+01
5.015902132987976074e+02,0.000000000000000000e+00,0.000000000000000000e+00,3.607000000000000028e+01,2.991199999999999903e+01,2.300000000000000000e+01,2.300000000000000000e+01
5.027636761665344238e+02,0.000000000000000000e+00,0.000000000000000000e+00,3.582600000000000051e+01,3.005900000000000105e+01,2.300000000000000000e+01,2.300000000000000000e+01
5.039339625835418701e+02,0.000000000000000000e+00,0.000000000000000000e+00,3.572800000000000153e+01,2.986299999999999955e+01,2.300000000000000000e+01,2.300000000000000000e+01
5.051164610385894775e+02,0.000000000000000000e+00,0.000000000000000000e+00,3.572800000000000153e+01,2.976500000000000057e+01,2.300000000000000000e+01,2.300000000000000000e+01
5.063005244731903076e+02,0.000000000000000000e+00,0.000000000000000000e+00,3.567900000000000205e+01,2.976500000000000057e+01,2.300000000000000000e+01,2.300000000000000000e+01
5.074584920406341553e+02,0.000000000000000000e+00,0.000000000000000000e+00,3.567900000000000205e+01,2.991199999999999903e+01,2.300000000000000000e+01,2.300000000000000000e+01
5.087008149623870850e+02,0.000000000000000000e+00,0.000000000000000000e+00,3.567900000000000205e+01,2.986299999999999955e+01,2.300000000000000000e+01,2.300000000000000000e+01
5.098587467670440674e+02,0.000000000000000000e+00,0.000000000000000000e+00,3.567900000000000205e+01,3.010800000000000054e+01,2.300000000000000000e+01,2.300000000000000000e+01
5.110276012420654297e+02,0.000000000000000000e+00,0.000000000000000000e+00,3.567900000000000205e+01,2.971699999999999875e+01,2.300000000000000000e+01,2.300000000000000000e+01
5.121908276081085205e+02,0.000000000000000000e+00,0.000000000000000000e+00,3.567900000000000205e+01,2.971699999999999875e+01,2.300000000000000000e+01,2.300000000000000000e+01
5.133656091690063477e+02,0.000000000000000000e+00,0.000000000000000000e+00,3.563100000000000023e+01,2.986299999999999955e+01,2.300000000000000000e+01,2.300000000000000000e+01
5.145379216670989990e+02,1.032397726084807843e+00,0.000000000000000000e+00,3.523899999999999721e+01,2.976500000000000057e+01,2.300000000000000000e+01,2.300000000000000000e+01
5.157145702838897705e+02,0.000000000000000000e+00,0.000000000000000000e+00,3.538600000000000279e+01,3.001000000000000156e+01,2.300000000000000000e+01,2.300000000000000000e+01
5.168670866489410400e+02,1.429661604809267628e+00,0.000000000000000000e+00,3.519100000000000250e+01,2.976500000000000057e+01,2.300000000000000000e+01,2.300000000000000000e+01
5.180269632339477539e+02,7.975048876112063034e-01,0.000000000000000000e+00,3.523899999999999721e+01,2.976500000000000057e+01,2.300000000000000000e+01,2.300000000000000000e+01
5.191827733516693115e+02,1.194768766335666088e+00,0.000000000000000000e+00,3.519100000000000250e+01,2.976500000000000057e+01,2.300000000000000000e+01,2.300000000000000000e+01
5.203511970043182373e+02,1.090432645060181338e+00,0.000000000000000000e+00,3.519100000000000250e+01,2.976500000000000057e+01,2.300000000000000000e+01,2.300000000000000000e+01
5.215073711872100830e+02,4.218997673810877203e+00,0.000000000000000000e+00,3.489699999999999847e+01,2.971699999999999875e+01,2.300000000000000000e+01,2.300000000000000000e+01
5.226811888217926025e+02,2.658812127548479953e+00,0.000000000000000000e+00,3.504399999999999693e+01,2.981400000000000006e+01,2.300000000000000000e+01,2.300000000000000000e+01
5.238530044555664062e+02,4.790044014636801961e+00,0.000000000000000000e+00,3.484799999999999898e+01,2.976500000000000057e+01,2.300000000000000000e+01,2.300000000000000000e+01
5.250142903327941895e+02,6.478530214323168224e+00,0.000000000000000000e+00,3.470199999999999818e+01,2.986299999999999955e+01,2.300000000000000000e+01,2.300000000000000000e+01
5.261837358474731445e+02,6.102499555671841769e+00,0.000000000000000000e+00,3.475099999999999767e+01,2.976500000000000057e+01,2.300000000000000000e+01,2.300000000000000000e+01
5.273449263572692871e+02,5.171881442760171588e+00,0.000000000000000000e+00,3.484799999999999898e+01,2.971699999999999875e+01,2.300000000000000000e+01,2.300000000000000000e+01
5.285045311450958252e+02,6.321550784108852739e+00,0.000000000000000000e+00,3.475099999999999767e+01,2.991199999999999903e+01,2.300000000000000000e+01,2.300000000000000000e+01
5.296838150024414062e+02,6.996386983795205516e+00,0.000000000000000000e+00,3.470199999999999818e+01,2.966799999999999926e+01,2.300000000000000000e+01,2.300000000000000000e+01
5.308462204933166504e+02,8.775623758494614179e+00,0.000000000000000000e+00,3.455499999999999972e+01,2.986299999999999955e+01,2.300000000000000000e+01,2.300000000000000000e+01
5.320205380916595459e+02,7.402259958180987809e+00,0.000000000000000000e+00,3.470199999999999818e+01,2.986299999999999955e+01,2.300000000000000000e+01,2.300000000000000000e+01
5.331752011775970459e+02,7.565046157867344689e+00,0.000000000000000000e+00,3.470199999999999818e+01,2.981400000000000006e+01,2.300000000000000000e+01,2.300000000000000000e+01
5.343374330997467041e+02,8.805466074229070017e+00,0.000000000000000000e+00,3.460399999999999920e+01,2.981400000000000006e+01,2.300000000000000000e+01,2.300000000000000000e+01
5.354989273548126221e+02,9.021785990590807103e+00,0.000000000000000000e+00,3.460399999999999920e+01,2.971699999999999875e+01,2.300000000000000000e+01,2.300000000000000000e+01
5.366733026504516602e+02,8.160472190277175741e+00,0.000000000000000000e+00,3.470199999999999818e+01,2.976500000000000057e+01,2.300000000000000000e+01,2.300000000000000000e+01
5.378339471817016602e+02,8.323258389963532622e+00,0.000000000000000000e+00,3.470199999999999818e+01,2.976500000000000057e+01,2.300000000000000000e+01,2.300000000000000000e+01
5.389921827316284180e+02,8.486044589649889502e+00,0.000000000000000000e+00,3.470199999999999818e+01,2.976500000000000057e+01,2.300000000000000000e+01,2.300000000000000000e+01
5.401468739509582520e+02,8.110013930998563936e+00,0.000000000000000000e+00,3.475099999999999767e+01,2.976500000000000057e+01,2.300000000000000000e+01,2.300000000000000000e+01
5.413132143020629883e+02,7.179395818086893755e+00,0.000000000000000000e+00,3.484799999999999898e+01,2.976500000000000057e+01,2.300000000000000000e+01,2.300000000000000000e+01
5.424691786766052246e+02,6.184793988499869499e+00,0.000000000000000000e+00,3.494599999999999795e+01,2.971699999999999875e+01,2.300000000000000000e+01,2.300000000000000000e+01
5.436312572956085205e+02,5.675475300575150150e+00,0.000000000000000000e+00,3.499499999999999744e+01,2.966799999999999926e+01,2.300000000000000000e+01,2.300000000000000000e+01
5.447895584106445312e+02,4.600572895974980980e+00,0.000000000000000000e+00,3.509300000000000352e+01,2.961899999999999977e+01,2.300000000000000000e+01,2.300000000000000000e+01
5.459555659294128418e+02,4.010953633037190436e+00,0.000000000000000000e+00,3.514200000000000301e+01,2.991199999999999903e+01,2.300000000000000000e+01,2.300000000000000000e+01
5.471273760795593262e+02,2.866746915839134768e+00,0.000000000000000000e+00,3.523899999999999721e+01,2.986299999999999955e+01,2.300000000000000000e+01,2.300000000000000000e+01
5.482827298641204834e+02,3.264010794563593443e+00,0.000000000000000000e+00,3.519100000000000250e+01,2.966799999999999926e+01,2.300000000000000000e+01,2.300000000000000000e+01
5.494412469863891602e+02,2.631854077365532785e+00,0.000000000000000000e+00,3.523899999999999721e+01,2.981400000000000006e+01,2.300000000000000000e+01,2.300000000000000000e+01
5.506091897487640381e+02,2.501297360167416439e+00,0.000000000000000000e+00,3.523899999999999721e+01,2.991199999999999903e+01,2.300000000000000000e+01,2.300000000000000000e+01
5.517671484947204590e+02,1.293106926293853487e+00,0.000000000000000000e+00,3.533700000000000330e+01,2.981400000000000006e+01,2.300000000000000000e+01,2.300000000000000000e+01
5.529211916923522949e+02,0.000000000000000000e+00,0.000000000000000000e+00,3.548400000000000176e+01,2.971699999999999875e+01,2.300000000000000000e+01,2.300000000000000000e+01
5.540793809890747070e+02,0.000000000000000000e+00,0.000000000000000000e+00,3.563100000000000023e+01,2.961899999999999977e+01,2.300000000000000000e+01,2.300000000000000000e+01
5.552558975219726562e+02,0.000000000000000000e+00,0.000000000000000000e+00,3.567900000000000205e+01,2.981400000000000006e+01,2.300000000000000000e+01,2.300000000000000000e+01
5.564122695922851562e+02,0.000000000000000000e+00,0.000000000000000000e+00,3.567900000000000205e+01,2.981400000000000006e+01,2.300000000000000000e+01,2.300000000000000000e+01
5.575737175941467285e+02,0.000000000000000000e+00,0.000000000000000000e+00,3.577700000000000102e+01,2.981400000000000006e+01,2.300000000000000000e+01,2.300000000000000000e+01
5.587350599765777588e+02,0.000000000000000000e+00,0.000000000000000000e+00,3.587500000000000000e+01,2.971699999999999875e+01,2.300000000000000000e+01,2.300000000000000000e+01
5.599021568298339844e+02,0.000000000000000000e+00,0.000000000000000000e+00,3.597299999999999898e+01,2.961899999999999977e+01,2.300000000000000000e+01,2.300000000000000000e+01
5.611298222541809082e+02,0.000000000000000000e+00,0.000000000000000000e+00,3.602199999999999847e+01,2.961899999999999977e+01,2.300000000000000000e+01,2.300000000000000000e+01
5.622852711677551270e+02,0.000000000000000000e+00,0.000000000000000000e+00,3.611899999999999977e+01,2.966799999999999926e+01,2.300000000000000000e+01,2.300000000000000000e+01
5.634628224372863770e+02,0.000000000000000000e+00,0.000000000000000000e+00,3.626599999999999824e+01,2.971699999999999875e+01,2.300000000000000000e+01,2.300000000000000000e+01
5.646163525581359863e+02,0.000000000000000000e+00,0.000000000000000000e+00,3.616799999999999926e+01,2.986299999999999955e+01,2.300000000000000000e+01,2.300000000000000000e+01
5.657775635719299316e+02,0.000000000000000000e+00,0.000000000000000000e+00,3.616799999999999926e+01,2.981400000000000006e+01,2.300000000000000000e+01,2.300000000000000000e+01
5.669340915679931641e+02,0.000000000000000000e+00,0.000000000000000000e+00,3.641299999999999670e+01,2.981400000000000006e+01,2.300000000000000000e+01,2.300000000000000000e+01
5.680948328971862793e+02,0.000000000000000000e+00,0.000000000000000000e+00,3.646099999999999852e+01,2.986299999999999955e+01,2.300000000000000000e+01,2.300000000000000000e+01
5.692768471240997314e+02,0.000000000000000000e+00,0.000000000000000000e+00,3.660799999999999699e+01,2.981400000000000006e+01,2.300000000000000000e+01,2.300000000000000000e+01
5.704445614814758301e+02,0.000000000000000000e+00,0.000000000000000000e+00,3.655899999999999750e+01,2.971699999999999875e+01,2.300000000000000000e+01,2.300000000000000000e+01
5.716122448444366455e+02,0.000000000000000000e+00,0.000000000000000000e+00,3.665699999999999648e+01,2.986299999999999955e+01,2.300000000000000000e+01,2.300000000000000000e+01
5.727730665206909180e+02,0.000000000000000000e+00,0.000000000000000000e+00,3.665699999999999648e+01,2.976500000000000057e+01,2.300000000000000000e+01,2.300000000000000000e+01
5.739297709465026855e+02,0.000000000000000000e+00,0.000000000000000000e+00,3.665699999999999648e+01,2.981400000000000006e+01,2.300000000000000000e+01,2.300000000000000000e+01
5.750964703559875488e+02,0.000000000000000000e+00,0.000000000000000000e+00,3.675500000000000256e+01,2.971699999999999875e+01,2.300000000000000000e+01,2.300000000000000000e+01
5.762663347721099854e+02,0.000000000000000000e+00,0.000000000000000000e+00,3.675500000000000256e+01,2.976500000000000057e+01,2.300000000000000000e+01,2.300000000000000000e+01
5.774287443161010742e+02,0.000000000000000000e+00,0.000000000000000000e+00,3.695000000000000284e+01,2.981400000000000006e+01,2.300000000000000000e+01,2.300000000000000000e+01
5.785890328884124756e+02,0.000000000000000000e+00,0.000000000000000000e+00,3.685199999999999676e+01,2.981400000000000006e+01,2.300000000000000000e+01,2.300000000000000000e+01
5.797549962997436523e+02,0.000000000000000000e+00,0.000000000000000000e+00,3.695000000000000284e+01,2.981400000000000006e+01,2.300000000000000000e+01,2.300000000000000000e+01
5.809179470539093018e+02,0.000000000000000000e+00,0.000000000000000000e+00,3.695000000000000284e+01,2.971699999999999875e+01,2.300000000000000000e+01,2.300000000000000000e+01
5.820793359279632568e+02,0.000000000000000000e+00,0.000000000000000000e+00,3.695000000000000284e+01,2.986299999999999955e+01,2.300000000000000000e+01,2.300000000000000000e+01
5.832414927482604980e+02,0.000000000000000000e+00,0.000000000000000000e+00,3.675500000000000256e+01,2.981400000000000006e+01,2.300000000000000000e+01,2.300000000000000000e+01
5.844059181213378906e+02,0.000000000000000000e+00,0.000000000000000000e+00,3.704800000000000182e+01,2.981400000000000006e+01,2.300000000000000000e+01,2.300000000000000000e+01
5.855616791248321533e+02,0.000000000000000000e+00,0.000000000000000000e+00,3.704800000000000182e+01,2.981400000000000006e+01,2.300000000000000000e+01,2.300000000000000000e+01
5.867342801094055176e+02,0.000000000000000000e+00,0.000000000000000000e+00,3.709700000000000131e+01,2.971699999999999875e+01,2.300000000000000000e+01,2.300000000000000000e+01
5.879463150501251221e+02,0.000000000000000000e+00,0.000000000000000000e+00,3.709700000000000131e+01,2.976500000000000057e+01,2.300000000000000000e+01,2.300000000000000000e+01
5.891107397079467773e+02,0.000000000000000000e+00,0.000000000000000000e+00,3.699900000000000233e+01,2.976500000000000057e+01,2.300000000000000000e+01,2.300000000000000000e+01
5.902731430530548096e+02,0.000000000000000000e+00,0.000000000000000000e+00,3.714600000000000080e+01,2.976500000000000057e+01,2.300000000000000000e+01,2.300000000000000000e+01
5.914362657070159912e+02,0.000000000000000000e+00,0.000000000000000000e+00,3.709700000000000131e+01,2.966799999999999926e+01,2.300000000000000000e+01,2.300000000000000000e+01
5.926013221740722656e+02,0.000000000000000000e+00,0.000000000000000000e+00,3.714600000000000080e+01,2.976500000000000057e+01,2.300000000000000000e+01,2.300000000000000000e+01
5.937715866565704346e+02,0.000000000000000000e+00,0.000000000000000000e+00,3.719500000000000028e+01,2.971699999999999875e+01,2.300000000000000000e+01,2.300000000000000000e+01
5.949344961643218994e+02,0.000000000000000000e+00,0.000000000000000000e+00,3.714600000000000080e+01,2.981400000000000006e+01,2.300000000000000000e+01,2.300000000000000000e+01
5.960958178043365479e+02,0.000000000000000000e+00,0.000000000000000000e+00,3.714600000000000080e+01,2.961899999999999977e+01,2.300000000000000000e+01,2.300000000000000000e+01
5.972524712085723877e+02,0.000000000000000000e+00,0.000000000000000000e+00,3.709700000000000131e+01,2.981400000000000006e+01,2.300000000000000000e+01,2.300000000000000000e+01
5.984771792888641357e+02,0.000000000000000000e+00,0.000000000000000000e+00,3.704800000000000182e+01,2.986299999999999955e+01,2.300000000000000000e+01,2.300000000000000000e+01
5.996380333900451660e+02,0.000000000000000000e+00,0.000000000000000000e+00,3.714600000000000080e+01,2.976500000000000057e+01,2.300000000000000000e+01,2.300000000000000000e+01
6.008049876689910889e+02,0.000000000000000000e+00,0.000000000000000000e+00,3.714600000000000080e+01,2.971699999999999875e+01,2.300000000000000000e+01,2.300000000000000000e+01
6.020167925357818604e+02,0.000000000000000000e+00,0.000000000000000000e+00,3.704800000000000182e+01,2.966799999999999926e+01,2.300000000000000000e+01,2.300000000000000000e+01
6.031966435909271240e+02,0.000000000000000000e+00,0.000000000000000000e+00,3.714600000000000080e+01,2.966799999999999926e+01,2.300000000000000000e+01,2.300000000000000000e+01
6.043561797142028809e+02,0.000000000000000000e+00,0.000000000000000000e+00,3.709700000000000131e+01,2.961899999999999977e+01,2.300000000000000000e+01,2.300000000000000000e+01
6.055179121494293213e+02,0.000000000000000000e+00,0.000000000000000000e+00,3.690100000000000335e+01,2.976500000000000057e+01,2.300000000000000000e+01,2.300000000000000000e+01
6.067005043029785156e+02,0.000000000000000000e+00,0.000000000000000000e+00,3.695000000000000284e+01,2.981400000000000006e+01,2.300000000000000000e+01,2.300000000000000000e+01
6.078698782920837402e+02,0.000000000000000000e+00,0.000000000000000000e+00,3.675500000000000256e+01,2.986299999999999955e+01,2.300000000000000000e+01,2.300000000000000000e+01
6.090320563316345215e+02,0.000000000000000000e+00,0.000000000000000000e+00,3.675500000000000256e+01,2.976500000000000057e+01,2.300000000000000000e+01,2.300000000000000000e+01
6.102943947315216064e+02,0.000000000000000000e+00,0.000000000000000000e+00,3.665699999999999648e+01,2.981400000000000006e+01,2.300000000000000000e+01,2.300000000000000000e+01
6.114543750286102295e+02,0.000000000000000000e+00,0.000000000000000000e+00,3.665699999999999648e+01,2.966799999999999926e+01,2.300000000000000000e+01,2.300000000000000000e+01
6.127246534824371338e+02,0.000000000000000000e+00,0.000000000000000000e+00,3.665699999999999648e+01,2.991199999999999903e+01,2.300000000000000000e+01,2.300000000000000000e+01
6.138852839469909668e+02,0.000000000000000000e+00,0.000000000000000000e+00,3.665699999999999648e+01,2.981400000000000006e+01,2.300000000000000000e+01,2.300000000000000000e+01
6.150713298320770264e+02,0.000000000000000000e+00,0.000000000000000000e+00,3.665699999999999648e+01,2.991199999999999903e+01,2.300000000000000000e+01,2.300000000000000000e+01
6.162914497852325439e+02,0.000000000000000000e+00,0.000000000000000000e+00,3.665699999999999648e+01,2.971699999999999875e+01,2.300000000000000000e+01,2.300000000000000000e+01
6.174487974643707275e+02,0.000000000000000000e+00,0.000000000000000000e+00,3.665699999999999648e+01,2.981400000000000006e+01,2.300000000000000000e+01,2.300000000000000000e+01
6.186093039512634277e+02,0.000000000000000000e+00,0.000000000000000000e+00,3.665699999999999648e+01,2.981400000000000006e+01,2.300000000000000000e+01,2.300000000000000000e+01
6.197688498497009277e+02,0.000000000000000000e+00,0.000000000000000000e+00,3.655899999999999750e+01,2.991199999999999903e+01,2.300000000000000000e+01,2.300000000000000000e+01
6.209357185363769531e+02,0.000000000000000000e+00,0.000000000000000000e+00,3.655899999999999750e+01,2.976500000000000057e+01,2.300000000000000000e+01,2.300000000000000000e+01
6.221041281223297119e+02,0.000000000000000000e+00,0.000000000000000000e+00,3.655899999999999750e+01,2.971699999999999875e+01,2.300000000000000000e+01,2.300000000000000000e+01
6.232648043632507324e+02,0.000000000000000000e+00,0.000000000000000000e+00,3.646099999999999852e+01,2.981400000000000006e+01,2.300000000000000000e+01,2.300000000000000000e+01
6.244211094379425049e+02,0.000000000000000000e+00,0.000000000000000000e+00,3.650999999999999801e+01,2.976500000000000057e+01,2.300000000000000000e+01,2.300000000000000000e+01
6.256519868373870850e+02,0.000000000000000000e+00,0.000000000000000000e+00,3.631499999999999773e+01,2.976500000000000057e+01,2.300000000000000000e+01,2.300000000000000000e+01
6.269328525066375732e+02,0.000000000000000000e+00,0.000000000000000000e+00,3.621699999999999875e+01,2.976500000000000057e+01,2.300000000000000000e+01,2.300000000000000000e+01
6.281744079589843750e+02,0.000000000000000000e+00,0.000000000000000000e+00,3.616799999999999926e+01,2.981400000000000006e+01,2.300000000000000000e+01,2.300000000000000000e+01
6.293451755046844482e+02,0.000000000000000000e+00,0.000000000000000000e+00,3.621699999999999875e+01,2.971699999999999875e+01,2.300000000000000000e+01,2.300000000000000000e+01
6.305248231887817383e+02,0.000000000000000000e+00,0.000000000000000000e+00,3.616799999999999926e+01,2.981400000000000006e+01,2.300000000000000000e+01,2.300000000000000000e+01
6.317175970077514648e+02,0.000000000000000000e+00,0.000000000000000000e+00,3.616799999999999926e+01,2.986299999999999955e+01,2.300000000000000000e+01,2.300000000000000000e+01
6.328908171653747559e+02,0.000000000000000000e+00,0.000000000000000000e+00,3.616799999999999926e+01,2.981400000000000006e+01,2.300000000000000000e+01,2.300000000000000000e+01
6.340685918331146240e+02,0.000000000000000000e+00,0.000000000000000000e+00,3.611899999999999977e+01,2.986299999999999955e+01,2.300000000000000000e+01,2.300000000000000000e+01
6.352469384670257568e+02,0.000000000000000000e+00,0.000000000000000000e+00,3.607000000000000028e+01,2.991199999999999903e+01,2.300000000000000000e+01,2.300000000000000000e+01
6.364133584499359131e+02,0.000000000000000000e+00,0.000000000000000000e+00,3.602199999999999847e+01,2.996099999999999852e+01,2.300000000000000000e+01,2.300000000000000000e+01
6.375800311565399170e+02,0.000000000000000000e+00,0.000000000000000000e+00,3.582600000000000051e+01,2.981400000000000006e+01,2.300000000000000000e+01,2.300000000000000000e+01
6.387467286586761475e+02,0.000000000000000000e+00,0.000000000000000000e+00,3.567900000000000205e+01,2.981400000000000006e+01,2.300000000000000000e+01,2.300000000000000000e+01
6.399224658012390137e+02,0.000000000000000000e+00,0.000000000000000000e+00,3.567900000000000205e+01,2.981400000000000006e+01,2.300000000000000000e+01,2.300000000000000000e+01
6.410971541404724121e+02,0.000000000000000000e+00,0.000000000000000000e+00,3.572800000000000153e+01,2.981400000000000006e+01,2.300000000000000000e+01,2.300000000000000000e+01
6.422779436111450195e+02,0.000000000000000000e+00,0.000000000000000000e+00,3.567900000000000205e+01,2.991199999999999903e+01,2.300000000000000000e+01,2.300000000000000000e+01
6.434532511234283447e+02,0.000000000000000000e+00,0.000000000000000000e+00,3.548400000000000176e+01,2.981400000000000006e+01,2.300000000000000000e+01,2.300000000000000000e+01
