Tiempo (s), Cal1 (%), Cal2 (%), Temp1 (°C), Temp2 (°C), Set1 (°C), Set2 (°C)
0.000000000000000000e+00,0.000000000000000000e+00,0.000000000000000000e+00,4.056700000000000017e+01,2.981400000000000006e+01,2.300000000000000000e+01,2.300000000000000000e+01
1.000371932983398438e+00,0.000000000000000000e+00,0.000000000000000000e+00,4.056700000000000017e+01,2.981400000000000006e+01,2.300000000000000000e+01,2.300000000000000000e+01
2.212526321411132812e+00,0.000000000000000000e+00,0.000000000000000000e+00,4.056700000000000017e+01,2.981400000000000006e+01,2.300000000000000000e+01,2.300000000000000000e+01
3.409208059310913086e+00,0.000000000000000000e+00,0.000000000000000000e+00,4.051800000000000068e+01,2.981400000000000006e+01,2.300000000000000000e+01,2.300000000000000000e+01
4.753384113311767578e+00,0.000000000000000000e+00,0.000000000000000000e+00,4.056700000000000017e+01,2.981400000000000006e+01,2.300000000000000000e+01,2.300000000000000000e+01
5.964466333389282227e+00,0.000000000000000000e+00,0.000000000000000000e+00,4.056700000000000017e+01,2.981400000000000006e+01,2.300000000000000000e+01,2.300000000000000000e+01
7.172464609146118164e+00,0.000000000000000000e+00,0.000000000000000000e+00,4.056700000000000017e+01,2.981400000000000006e+01,2.300000000000000000e+01,2.300000000000000000e+01
8.374439001083374023e+00,0.000000000000000000e+00,0.000000000000000000e+00,4.056700000000000017e+01,2.981400000000000006e+01,2.300000000000000000e+01,2.300000000000000000e+01
9.575015544891357422e+00,0.000000000000000000e+00,0.000000000000000000e+00,4.056700000000000017e+01,2.981400000000000006e+01,2.300000000000000000e+01,2.300000000000000000e+01
1.077199959754943848e+01,0.000000000000000000e+00,0.000000000000000000e+00,4.051800000000000068e+01,2.981400000000000006e+01,2.300000000000000000e+01,2.300000000000000000e+01
1.198555636405944824e+01,0.000000000000000000e+00,0.000000000000000000e+00,4.051800000000000068e+01,2.981400000000000006e+01,2.300000000000000000e+01,2.300000000000000000e+01
1.317628622055053711e+01,0.000000000000000000e+00,0.000000000000000000e+00,4.056700000000000017e+01,2.981400000000000006e+01,2.300000000000000000e+01,2.300000000000000000e+01
1.438809347152709961e+01,0.000000000000000000e+00,0.000000000000000000e+00,4.056700000000000017e+01,2.981400000000000006e+01,2.300000000000000000e+01,2.300000000000000000e+01
1.561478996276855469e+01,0.000000000000000000e+00,0.000000000000000000e+00,4.042000000000000171e+01,2.981400000000000006e+01,2.300000000000000000e+01,2.300000000000000000e+01
1.682564210891723633e+01,0.000000000000000000e+00,0.000000000000000000e+00,4.032300000000000040e+01,2.981400000000000006e+01,2.300000000000000000e+01,2.300000000000000000e+01
1.804468345642089844e+01,0.000000000000000000e+00,0.000000000000000000e+00,4.017600000000000193e+01,2.981400000000000006e+01,2.300000000000000000e+01,2.300000000000000000e+01
1.926531863212585449e+01,0.000000000000000000e+00,0.000000000000000000e+00,4.017600000000000193e+01,2.981400000000000006e+01,2.300000000000000000e+01,2.300000000000000000e+01
2.048952293395996094e+01,0.000000000000000000e+00,0.000000000000000000e+00,4.012700000000000244e+01,2.981400000000000006e+01,2.300000000000000000e+01,2.300000000000000000e+01
2.171267104148864746e+01,0.000000000000000000e+00,0.000000000000000000e+00,4.012700000000000244e+01,2.991199999999999903e+01,2.300000000000000000e+01,2.300000000000000000e+01
2.290941405296325684e+01,0.000000000000000000e+00,0.000000000000000000e+00,4.007800000000000296e+01,2.986299999999999955e+01,2.300000000000000000e+01,2.300000000000000000e+01
2.410605883598327637e+01,0.000000000000000000e+00,0.000000000000000000e+00,4.007800000000000296e+01,2.991199999999999903e+01,2.300000000000000000e+01,2.300000000000000000e+01
2.536632394790649414e+01,0.000000000000000000e+00,0.000000000000000000e+00,4.007800000000000296e+01,2.986299999999999955e+01,2.300000000000000000e+01,2.300000000000000000e+01
2.660014629364013672e+01,0.000000000000000000e+00,0.000000000000000000e+00,4.007800000000000296e+01,2.981400000000000006e+01,2.300000000000000000e+01,2.300000000000000000e+01
2.780509996414184570e+01,0.000000000000000000e+00,0.000000000000000000e+00,4.007800000000000296e+01,2.986299999999999955e+01,2.300000000000000000e+01,2.300000000000000000e+01
2.898840761184692383e+01,0.000000000000000000e+00,0.000000000000000000e+00,4.002900000000000347e+01,2.986299999999999955e+01,2.300000000000000000e+01,2.300000000000000000e+01
3.019389748573303223e+01,1.500000000000234479e+01,0.000000000000000000e+00,3.997999999999999687e+01,2.991199999999999903e+01,2.300000000000000000e+01,2.300000000000000000e+01
3.139768934249877930e+01,8.774999999999799627e+01,0.000000000000000000e+00,3.988300000000000267e+01,2.986299999999999955e+01,2.300000000000000000e+01,2.300000000000000000e+01
3.268075895309448242e+01,1.000000000000000000e+02,0.000000000000000000e+00,3.983400000000000318e+01,2.991199999999999903e+01,2.300000000000000000e+01,2.300000000000000000e+01
3.390683150291442871e+01,1.000000000000000000e+02,0.000000000000000000e+00,3.973599999999999710e+01,2.996099999999999852e+01,2.300000000000000000e+01,2.300000000000000000e+01
3.512128758430480957e+01,1.000000000000000000e+02,0.000000000000000000e+00,3.958899999999999864e+01,2.996099999999999852e+01,2.300000000000000000e+01,2.300000000000000000e+01
3.632955884933471680e+01,1.000000000000000000e+02,0.000000000000000000e+00,3.954099999999999682e+01,2.986299999999999955e+01,2.300000000000000000e+01,2.300000000000000000e+01
3.754354763031005859e+01,1.000000000000000000e+02,0.000000000000000000e+00,3.958899999999999864e+01,3.001000000000000156e+01,2.300000000000000000e+01,2.300000000000000000e+01
3.876174783706665039e+01,1.000000000000000000e+02,0.000000000000000000e+00,3.954099999999999682e+01,3.005900000000000105e+01,2.300000000000000000e+01,2.300000000000000000e+01
3.997059845924377441e+01,1.000000000000000000e+02,0.000000000000000000e+00,3.954099999999999682e+01,2.996099999999999852e+01,2.300000000000000000e+01,2.300000000000000000e+01
4.118844008445739746e+01,1.000000000000000000e+02,0.000000000000000000e+00,3.954099999999999682e+01,2.991199999999999903e+01,2.300000000000000000e+01,2.300000000000000000e+01
4.240273690223693848e+01,1.000000000000000000e+02,0.000000000000000000e+00,3.963799999999999812e+01,2.981400000000000006e+01,2.300000000000000000e+01,2.300000000000000000e+01
4.360013937950134277e+01,1.000000000000000000e+02,0.000000000000000000e+00,3.954099999999999682e+01,2.991199999999999903e+01,2.300000000000000000e+01,2.300000000000000000e+01
4.480251836776733398e+01,1.000000000000000000e+02,0.000000000000000000e+00,3.954099999999999682e+01,2.996099999999999852e+01,2.300000000000000000e+01,2.300000000000000000e+01
4.600245475769042969e+01,1.000000000000000000e+02,0.000000000000000000e+00,3.954099999999999682e+01,2.981400000000000006e+01,2.300000000000000000e+01,2.300000000000000000e+01
4.719470119476318359e+01,1.000000000000000000e+02,0.000000000000000000e+00,3.958899999999999864e+01,2.991199999999999903e+01,2.300000000000000000e+01,2.300000000000000000e+01
4.839095449447631836e+01,1.000000000000000000e+02,0.000000000000000000e+00,3.954099999999999682e+01,2.996099999999999852e+01,2.300000000000000000e+01,2.300000000000000000e+01
4.959327697753906250e+01,1.000000000000000000e+02,0.000000000000000000e+00,3.963799999999999812e+01,2.981400000000000006e+01,2.300000000000000000e+01,2.300000000000000000e+01
5.081061458587646484e+01,1.000000000000000000e+02,0.000000000000000000e+00,3.958899999999999864e+01,2.991199999999999903e+01,2.300000000000000000e+01,2.300000000000000000e+01
5.201345825195312500e+01,1.000000000000000000e+02,0.000000000000000000e+00,3.963799999999999812e+01,2.991199999999999903e+01,2.300000000000000000e+01,2.300000000000000000e+01
5.320837688446044922e+01,1.000000000000000000e+02,0.000000000000000000e+00,3.963799999999999812e+01,2.986299999999999955e+01,2.300000000000000000e+01,2.300000000000000000e+01
5.440994572639465332e+01,1.000000000000000000e+02,0.000000000000000000e+00,3.958899999999999864e+01,2.991199999999999903e+01,2.300000000000000000e+01,2.300000000000000000e+01
5.562566065788269043e+01,1.000000000000000000e+02,0.000000000000000000e+00,3.963799999999999812e+01,2.991199999999999903e+01,2.300000000000000000e+01,2.300000000000000000e+01
5.682730984687805176e+01,1.000000000000000000e+02,0.000000000000000000e+00,3.978499999999999659e+01,2.991199999999999903e+01,2.300000000000000000e+01,2.300000000000000000e+01
5.802249932289123535e+01,8.774999999999799627e+01,0.000000000000000000e+00,3.988300000000000267e+01,3.001000000000000156e+01,2.300000000000000000e+01,2.300000000000000000e+01
5.923214745521545410e+01,1.500000000000234479e+01,0.000000000000000000e+00,3.997999999999999687e+01,2.996099999999999852e+01,2.300000000000000000e+01,2.300000000000000000e+01
6.046057581901550293e+01,1.500000000000234479e+01,0.000000000000000000e+00,3.997999999999999687e+01,2.981400000000000006e+01,2.300000000000000000e+01,2.300000000000000000e+01
6.167357254028320312e+01,0.000000000000000000e+00,0.000000000000000000e+00,4.002900000000000347e+01,2.986299999999999955e+01,2.300000000000000000e+01,2.300000000000000000e+01
6.288516974449157715e+01,0.000000000000000000e+00,0.000000000000000000e+00,4.007800000000000296e+01,2.981400000000000006e+01,2.300000000000000000e+01,2.300000000000000000e+01
6.410469865798950195e+01,0.000000000000000000e+00,0.000000000000000000e+00,4.007800000000000296e+01,2.981400000000000006e+01,2.300000000000000000e+01,2.300000000000000000e+01
6.530575823783874512e+01,0.000000000000000000e+00,0.000000000000000000e+00,4.017600000000000193e+01,2.986299999999999955e+01,2.300000000000000000e+01,2.300000000000000000e+01
6.653344893455505371e+01,0.000000000000000000e+00,0.000000000000000000e+00,4.017600000000000193e+01,2.981400000000000006e+01,2.300000000000000000e+01,2.300000000000000000e+01
6.774186015129089355e+01,0.000000000000000000e+00,0.000000000000000000e+00,4.051800000000000068e+01,2.981400000000000006e+01,2.300000000000000000e+01,2.300000000000000000e+01
6.894557523727416992e+01,0.000000000000000000e+00,0.000000000000000000e+00,4.056700000000000017e+01,2.981400000000000006e+01,2.300000000000000000e+01,2.300000000000000000e+01
7.016486692428588867e+01,0.000000000000000000e+00,0.000000000000000000e+00,4.056700000000000017e+01,2.981400000000000006e+01,2.300000000000000000e+01,2.300000000000000000e+01
7.147548532485961914e+01,0.000000000000000000e+00,0.000000000000000000e+00,4.056700000000000017e+01,2.981400000000000006e+01,2.300000000000000000e+01,2.300000000000000000e+01
7.269828629493713379e+01,0.000000000000000000e+00,0.000000000000000000e+00,4.061599999999999966e+01,2.986299999999999955e+01,2.300000000000000000e+01,2.300000000000000000e+01
7.390043973922729492e+01,0.000000000000000000e+00,0.000000000000000000e+00,4.056700000000000017e+01,2.986299999999999955e+01,2.300000000000000000e+01,2.300000000000000000e+01
7.511046576499938965e+01,0.000000000000000000e+00,0.000000000000000000e+00,4.076200000000000045e+01,2.986299999999999955e+01,2.300000000000000000e+01,2.300000000000000000e+01
7.632830119132995605e+01,0.000000000000000000e+00,0.000000000000000000e+00,4.105599999999999739e+01,2.986299999999999955e+01,2.300000000000000000e+01,2.300000000000000000e+01
7.753506994247436523e+01,0.000000000000000000e+00,0.000000000000000000e+00,4.105599999999999739e+01,2.996099999999999852e+01,2.300000000000000000e+01,2.300000000000000000e+01
7.877325344085693359e+01,0.000000000000000000e+00,0.000000000000000000e+00,4.105599999999999739e+01,2.986299999999999955e+01,2.300000000000000000e+01,2.300000000000000000e+01
7.998657202720642090e+01,0.000000000000000000e+00,0.000000000000000000e+00,4.100699999999999790e+01,2.991199999999999903e+01,2.300000000000000000e+01,2.300000000000000000e+01
8.120507669448852539e+01,0.000000000000000000e+00,0.000000000000000000e+00,4.105599999999999739e+01,2.991199999999999903e+01,2.300000000000000000e+01,2.300000000000000000e+01
8.242883300781250000e+01,0.000000000000000000e+00,0.000000000000000000e+00,4.105599999999999739e+01,2.996099999999999852e+01,2.300000000000000000e+01,2.300000000000000000e+01
8.364459466934204102e+01,0.000000000000000000e+00,0.000000000000000000e+00,4.105599999999999739e+01,3.001000000000000156e+01,2.300000000000000000e+01,2.300000000000000000e+01
8.485948562622070312e+01,0.000000000000000000e+00,0.000000000000000000e+00,4.105599999999999739e+01,3.005900000000000105e+01,2.300000000000000000e+01,2.300000000000000000e+01
8.605941939353942871e+01,0.000000000000000000e+00,0.000000000000000000e+00,4.110499999999999687e+01,3.001000000000000156e+01,2.300000000000000000e+01,2.300000000000000000e+01
8.726186442375183105e+01,0.000000000000000000e+00,0.000000000000000000e+00,4.105599999999999739e+01,2.991199999999999903e+01,2.300000000000000000e+01,2.300000000000000000e+01
8.846048164367675781e+01,0.000000000000000000e+00,0.000000000000000000e+00,4.105599999999999739e+01,3.005900000000000105e+01,2.300000000000000000e+01,2.300000000000000000e+01
8.965740227699279785e+01,0.000000000000000000e+00,0.000000000000000000e+00,4.105599999999999739e+01,3.005900000000000105e+01,2.300000000000000000e+01,2.300000000000000000e+01
9.086093473434448242e+01,0.000000000000000000e+00,0.000000000000000000e+00,4.110499999999999687e+01,2.996099999999999852e+01,2.300000000000000000e+01,2.300000000000000000e+01
9.206976771354675293e+01,0.000000000000000000e+00,0.000000000000000000e+00,4.115299999999999869e+01,2.991199999999999903e+01,2.300000000000000000e+01,2.300000000000000000e+01
9.326540184020996094e+01,0.000000000000000000e+00,0.000000000000000000e+00,4.110499999999999687e+01,3.001000000000000156e+01,2.300000000000000000e+01,2.300000000000000000e+01
9.447359371185302734e+01,0.000000000000000000e+00,0.000000000000000000e+00,4.120199999999999818e+01,3.015599999999999881e+01,2.300000000000000000e+01,2.300000000000000000e+01
9.568631386756896973e+01,0.000000000000000000e+00,0.000000000000000000e+00,4.105599999999999739e+01,3.005900000000000105e+01,2.300000000000000000e+01,2.300000000000000000e+01
9.689013719558715820e+01,0.000000000000000000e+00,0.000000000000000000e+00,4.110499999999999687e+01,3.010800000000000054e+01,2.300000000000000000e+01,2.300000000000000000e+01
9.810824704170227051e+01,0.000000000000000000e+00,0.000000000000000000e+00,4.110499999999999687e+01,3.005900000000000105e+01,2.300000000000000000e+01,2.300000000000000000e+01
9.932142519950866699e+01,0.000000000000000000e+00,0.000000000000000000e+00,4.105599999999999739e+01,2.996099999999999852e+01,2.300000000000000000e+01,2.300000000000000000e+01
1.005288777351379395e+02,0.000000000000000000e+00,0.000000000000000000e+00,4.105599999999999739e+01,3.010800000000000054e+01,2.300000000000000000e+01,2.300000000000000000e+01
1.017458870410919189e+02,0.000000000000000000e+00,0.000000000000000000e+00,4.105599999999999739e+01,3.010800000000000054e+01,2.300000000000000000e+01,2.300000000000000000e+01
1.029607346057891846e+02,0.000000000000000000e+00,0.000000000000000000e+00,4.105599999999999739e+01,3.015599999999999881e+01,2.300000000000000000e+01,2.300000000000000000e+01
1.041714775562286377e+02,0.000000000000000000e+00,0.000000000000000000e+00,4.105599999999999739e+01,3.001000000000000156e+01,2.300000000000000000e+01,2.300000000000000000e+01
1.053804070949554443e+02,0.000000000000000000e+00,0.000000000000000000e+00,4.105599999999999739e+01,3.001000000000000156e+01,2.300000000000000000e+01,2.300000000000000000e+01
1.066044001579284668e+02,0.000000000000000000e+00,0.000000000000000000e+00,4.105599999999999739e+01,2.996099999999999852e+01,2.300000000000000000e+01,2.300000000000000000e+01
1.078081033229827881e+02,0.000000000000000000e+00,0.000000000000000000e+00,4.105599999999999739e+01,3.015599999999999881e+01,2.300000000000000000e+01,2.300000000000000000e+01
1.090251796245574951e+02,0.000000000000000000e+00,0.000000000000000000e+00,4.105599999999999739e+01,3.015599999999999881e+01,2.300000000000000000e+01,2.300000000000000000e+01
1.102419044971466064e+02,0.000000000000000000e+00,0.000000000000000000e+00,4.105599999999999739e+01,3.015599999999999881e+01,2.300000000000000000e+01,2.300000000000000000e+01
1.114482161998748779e+02,0.000000000000000000e+00,0.000000000000000000e+00,4.100699999999999790e+01,3.015599999999999881e+01,2.300000000000000000e+01,2.300000000000000000e+01
1.126633853912353516e+02,0.000000000000000000e+00,0.000000000000000000e+00,4.085999999999999943e+01,3.020499999999999829e+01,2.300000000000000000e+01,2.300000000000000000e+01
1.138733975887298584e+02,0.000000000000000000e+00,0.000000000000000000e+00,4.081099999999999994e+01,3.015599999999999881e+01,2.300000000000000000e+01,2.300000000000000000e+01
1.151942448616027832e+02,0.000000000000000000e+00,0.000000000000000000e+00,4.071399999999999864e+01,3.001000000000000156e+01,2.300000000000000000e+01,2.300000000000000000e+01
1.164016036987304688e+02,0.000000000000000000e+00,0.000000000000000000e+00,4.056700000000000017e+01,3.010800000000000054e+01,2.300000000000000000e+01,2.300000000000000000e+01
1.176118175983428955e+02,0.000000000000000000e+00,0.000000000000000000e+00,4.056700000000000017e+01,3.025400000000000134e+01,2.300000000000000000e+01,2.300000000000000000e+01
1.188345842361450195e+02,0.000000000000000000e+00,0.000000000000000000e+00,4.056700000000000017e+01,3.015599999999999881e+01,2.300000000000000000e+01,2.300000000000000000e+01
1.200415644645690918e+02,0.000000000000000000e+00,0.000000000000000000e+00,4.056700000000000017e+01,2.996099999999999852e+01,2.300000000000000000e+01,2.300000000000000000e+01
1.212491006851196289e+02,0.000000000000000000e+00,0.000000000000000000e+00,4.056700000000000017e+01,3.010800000000000054e+01,2.300000000000000000e+01,2.300000000000000000e+01
1.224665787220001221e+02,0.000000000000000000e+00,0.000000000000000000e+00,4.051800000000000068e+01,3.020499999999999829e+01,2.300000000000000000e+01,2.300000000000000000e+01
1.236764512062072754e+02,0.000000000000000000e+00,0.000000000000000000e+00,4.042000000000000171e+01,3.005900000000000105e+01,2.300000000000000000e+01,2.300000000000000000e+01
1.248918554782867432e+02,0.000000000000000000e+00,0.000000000000000000e+00,4.027400000000000091e+01,3.020499999999999829e+01,2.300000000000000000e+01,2.300000000000000000e+01
1.261007497310638428e+02,0.000000000000000000e+00,0.000000000000000000e+00,4.017600000000000193e+01,3.020499999999999829e+01,2.300000000000000000e+01,2.300000000000000000e+01
1.273105974197387695e+02,0.000000000000000000e+00,0.000000000000000000e+00,4.012700000000000244e+01,3.010800000000000054e+01,2.300000000000000000e+01,2.300000000000000000e+01
1.285190303325653076e+02,0.000000000000000000e+00,0.000000000000000000e+00,4.007800000000000296e+01,3.010800000000000054e+01,2.300000000000000000e+01,2.300000000000000000e+01
1.297347924709320068e+02,0.000000000000000000e+00,0.000000000000000000e+00,4.007800000000000296e+01,3.010800000000000054e+01,2.300000000000000000e+01,2.300000000000000000e+01
1.309503996372222900e+02,0.000000000000000000e+00,0.000000000000000000e+00,4.007800000000000296e+01,3.015599999999999881e+01,2.300000000000000000e+01,2.300000000000000000e+01
1.321491980552673340e+02,0.000000000000000000e+00,0.000000000000000000e+00,4.007800000000000296e+01,3.015599999999999881e+01,2.300000000000000000e+01,2.300000000000000000e+01
1.333752391338348389e+02,1.500000000000234479e+01,0.000000000000000000e+00,3.997999999999999687e+01,3.025400000000000134e+01,2.300000000000000000e+01,2.300000000000000000e+01
1.345886707305908203e+02,5.099999999999837996e+01,0.000000000000000000e+00,3.993200000000000216e+01,3.020499999999999829e+01,2.300000000000000000e+01,2.300000000000000000e+01
1.358141047954559326e+02,1.000000000000000000e+02,0.000000000000000000e+00,3.983400000000000318e+01,3.035200000000000031e+01,2.300000000000000000e+01,2.300000000000000000e+01
1.370364930629730225e+02,1.000000000000000000e+02,0.000000000000000000e+00,3.978499999999999659e+01,3.030300000000000082e+01,2.300000000000000000e+01,2.300000000000000000e+01
1.382555651664733887e+02,1.000000000000000000e+02,0.000000000000000000e+00,3.963799999999999812e+01,3.020499999999999829e+01,2.300000000000000000e+01,2.300000000000000000e+01
1.394818627834320068e+02,1.000000000000000000e+02,0.000000000000000000e+00,3.963799999999999812e+01,3.030300000000000082e+01,2.300000000000000000e+01,2.300000000000000000e+01
1.407270815372467041e+02,1.000000000000000000e+02,0.000000000000000000e+00,3.954099999999999682e+01,3.035200000000000031e+01,2.300000000000000000e+01,2.300000000000000000e+01
1.419898836612701416e+02,1.000000000000000000e+02,0.000000000000000000e+00,3.963799999999999812e+01,3.025400000000000134e+01,2.300000000000000000e+01,2.300000000000000000e+01
1.432617862224578857e+02,1.000000000000000000e+02,0.000000000000000000e+00,3.958899999999999864e+01,3.020499999999999829e+01,2.300000000000000000e+01,2.300000000000000000e+01
1.445100500583648682e+02,1.000000000000000000e+02,0.000000000000000000e+00,3.954099999999999682e+01,3.025400000000000134e+01,2.300000000000000000e+01,2.300000000000000000e+01
1.457229070663452148e+02,1.000000000000000000e+02,0.000000000000000000e+00,3.954099999999999682e+01,3.025400000000000134e+01,2.300000000000000000e+01,2.300000000000000000e+01
1.469387679100036621e+02,1.000000000000000000e+02,0.000000000000000000e+00,3.963799999999999812e+01,3.025400000000000134e+01,2.300000000000000000e+01,2.300000000000000000e+01
1.481657972335815430e+02,1.000000000000000000e+02,0.000000000000000000e+00,3.958899999999999864e+01,3.025400000000000134e+01,2.300000000000000000e+01,2.300000000000000000e+01
1.493764190673828125e+02,1.000000000000000000e+02,0.000000000000000000e+00,3.954099999999999682e+01,3.015599999999999881e+01,2.300000000000000000e+01,2.300000000000000000e+01
1.505946087837219238e+02,1.000000000000000000e+02,0.000000000000000000e+00,3.954099999999999682e+01,3.025400000000000134e+01,2.300000000000000000e+01,2.300000000000000000e+01
1.518101539611816406e+02,1.000000000000000000e+02,0.000000000000000000e+00,3.958899999999999864e+01,3.025400000000000134e+01,2.300000000000000000e+01,2.300000000000000000e+01
1.530302944183349609e+02,1.000000000000000000e+02,0.000000000000000000e+00,3.954099999999999682e+01,3.030300000000000082e+01,2.300000000000000000e+01,2.300000000000000000e+01
1.542606813907623291e+02,1.000000000000000000e+02,0.000000000000000000e+00,3.954099999999999682e+01,3.025400000000000134e+01,2.300000000000000000e+01,2.300000000000000000e+01
1.556124420166015625e+02,1.000000000000000000e+02,0.000000000000000000e+00,3.954099999999999682e+01,3.035200000000000031e+01,2.300000000000000000e+01,2.300000000000000000e+01
1.568304820060729980e+02,1.000000000000000000e+02,0.000000000000000000e+00,3.958899999999999864e+01,3.020499999999999829e+01,2.300000000000000000e+01,2.300000000000000000e+01
1.580467231273651123e+02,1.000000000000000000e+02,0.000000000000000000e+00,3.963799999999999812e+01,3.030300000000000082e+01,2.300000000000000000e+01,2.300000000000000000e+01
1.592699053287506104e+02,1.000000000000000000e+02,0.000000000000000000e+00,3.963799999999999812e+01,3.025400000000000134e+01,2.300000000000000000e+01,2.300000000000000000e+01
1.604963071346282959e+02,1.000000000000000000e+02,0.000000000000000000e+00,3.958899999999999864e+01,3.025400000000000134e+01,2.300000000000000000e+01,2.300000000000000000e+01
1.617134597301483154e+02,1.000000000000000000e+02,0.000000000000000000e+00,3.968699999999999761e+01,3.020499999999999829e+01,2.300000000000000000e+01,2.300000000000000000e+01
1.629368171691894531e+02,1.000000000000000000e+02,0.000000000000000000e+00,3.978499999999999659e+01,3.020499999999999829e+01,2.300000000000000000e+01,2.300000000000000000e+01
1.641549744606018066e+02,0.000000000000000000e+00,0.000000000000000000e+00,4.002900000000000347e+01,3.035200000000000031e+01,2.300000000000000000e+01,2.300000000000000000e+01
1.653779525756835938e+02,5.099999999999837996e+01,0.000000000000000000e+00,3.993200000000000216e+01,3.005900000000000105e+01,2.300000000000000000e+01,2.300000000000000000e+01
1.665904839038848877e+02,0.000000000000000000e+00,0.000000000000000000e+00,4.012700000000000244e+01,3.020499999999999829e+01,2.300000000000000000e+01,2.300000000000000000e+01
1.678053543567657471e+02,0.000000000000000000e+00,0.000000000000000000e+00,4.007800000000000296e+01,3.025400000000000134e+01,2.300000000000000000e+01,2.300000000000000000e+01
1.690139749050140381e+02,0.000000000000000000e+00,0.000000000000000000e+00,4.007800000000000296e+01,3.010800000000000054e+01,2.300000000000000000e+01,2.300000000000000000e+01
1.702280948162078857e+02,0.000000000000000000e+00,0.000000000000000000e+00,4.007800000000000296e+01,3.015599999999999881e+01,2.300000000000000000e+01,2.300000000000000000e+01
1.714464526176452637e+02,0.000000000000000000e+00,0.000000000000000000e+00,4.007800000000000296e+01,3.030300000000000082e+01,2.300000000000000000e+01,2.300000000000000000e+01
1.726507971286773682e+02,0.000000000000000000e+00,0.000000000000000000e+00,4.037100000000000222e+01,3.025400000000000134e+01,2.300000000000000000e+01,2.300000000000000000e+01
1.738710188865661621e+02,0.000000000000000000e+00,0.000000000000000000e+00,4.046900000000000119e+01,3.005900000000000105e+01,2.300000000000000000e+01,2.300000000000000000e+01
1.750908901691436768e+02,0.000000000000000000e+00,0.000000000000000000e+00,4.056700000000000017e+01,2.996099999999999852e+01,2.300000000000000000e+01,2.300000000000000000e+01
1.763001446723937988e+02,0.000000000000000000e+00,0.000000000000000000e+00,4.056700000000000017e+01,3.005900000000000105e+01,2.300000000000000000e+01,2.300000000000000000e+01
1.775256268978118896e+02,0.000000000000000000e+00,0.000000000000000000e+00,4.056700000000000017e+01,3.010800000000000054e+01,2.300000000000000000e+01,2.300000000000000000e+01
1.787403526306152344e+02,0.000000000000000000e+00,0.000000000000000000e+00,4.056700000000000017e+01,3.010800000000000054e+01,2.300000000000000000e+01,2.300000000000000000e+01
1.799533290863037109e+02,0.000000000000000000e+00,0.000000000000000000e+00,4.071399999999999864e+01,3.005900000000000105e+01,2.300000000000000000e+01,2.300000000000000000e+01
1.811698367595672607e+02,0.000000000000000000e+00,0.000000000000000000e+00,4.095799999999999841e+01,3.005900000000000105e+01,2.300000000000000000e+01,2.300000000000000000e+01
1.823813633918762207e+02,0.000000000000000000e+00,0.000000000000000000e+00,4.105599999999999739e+01,3.001000000000000156e+01,2.300000000000000000e+01,2.300000000000000000e+01
1.835954079627990723e+02,0.000000000000000000e+00,0.000000000000000000e+00,4.100699999999999790e+01,3.001000000000000156e+01,2.300000000000000000e+01,2.300000000000000000e+01
1.848207361698150635e+02,0.000000000000000000e+00,0.000000000000000000e+00,4.105599999999999739e+01,3.010800000000000054e+01,2.300000000000000000e+01,2.300000000000000000e+01
1.860425775051116943e+02,0.000000000000000000e+00,0.000000000000000000e+00,4.105599999999999739e+01,3.005900000000000105e+01,2.300000000000000000e+01,2.300000000000000000e+01
1.872594220638275146e+02,0.000000000000000000e+00,0.000000000000000000e+00,4.105599999999999739e+01,3.005900000000000105e+01,2.300000000000000000e+01,2.300000000000000000e+01
1.884822065830230713e+02,0.000000000000000000e+00,0.000000000000000000e+00,4.105599999999999739e+01,3.025400000000000134e+01,2.300000000000000000e+01,2.300000000000000000e+01
1.897036020755767822e+02,0.000000000000000000e+00,0.000000000000000000e+00,4.105599999999999739e+01,3.015599999999999881e+01,2.300000000000000000e+01,2.300000000000000000e+01
1.909176328182220459e+02,0.000000000000000000e+00,0.000000000000000000e+00,4.105599999999999739e+01,3.005900000000000105e+01,2.300000000000000000e+01,2.300000000000000000e+01
1.921406531333923340e+02,0.000000000000000000e+00,0.000000000000000000e+00,4.105599999999999739e+01,3.010800000000000054e+01,2.300000000000000000e+01,2.300000000000000000e+01
1.933578562736511230e+02,0.000000000000000000e+00,0.000000000000000000e+00,4.105599999999999739e+01,3.010800000000000054e+01,2.300000000000000000e+01,2.300000000000000000e+01
1.945804431438446045e+02,0.000000000000000000e+00,0.000000000000000000e+00,4.105599999999999739e+01,3.015599999999999881e+01,2.300000000000000000e+01,2.300000000000000000e+01
1.959078066349029541e+02,0.000000000000000000e+00,0.000000000000000000e+00,4.105599999999999739e+01,3.020499999999999829e+01,2.300000000000000000e+01,2.300000000000000000e+01
1.971262168884277344e+02,0.000000000000000000e+00,0.000000000000000000e+00,4.105599999999999739e+01,3.020499999999999829e+01,2.300000000000000000e+01,2.300000000000000000e+01
1.983483800888061523e+02,0.000000000000000000e+00,0.000000000000000000e+00,4.105599999999999739e+01,3.010800000000000054e+01,2.300000000000000000e+01,2.300000000000000000e+01
1.995776419639587402e+02,0.000000000000000000e+00,0.000000000000000000e+00,4.105599999999999739e+01,3.020499999999999829e+01,2.300000000000000000e+01,2.300000000000000000e+01
2.007963237762451172e+02,0.000000000000000000e+00,0.000000000000000000e+00,4.100699999999999790e+01,3.025400000000000134e+01,2.300000000000000000e+01,2.300000000000000000e+01
2.020224952697753906e+02,0.000000000000000000e+00,0.000000000000000000e+00,4.100699999999999790e+01,3.020499999999999829e+01,2.300000000000000000e+01,2.300000000000000000e+01
2.032406809329986572e+02,0.000000000000000000e+00,0.000000000000000000e+00,4.090899999999999892e+01,3.020499999999999829e+01,2.300000000000000000e+01,2.300000000000000000e+01
2.044527473449707031e+02,0.000000000000000000e+00,0.000000000000000000e+00,4.081099999999999994e+01,3.020499999999999829e+01,2.300000000000000000e+01,2.300000000000000000e+01
2.056753742694854736e+02,0.000000000000000000e+00,0.000000000000000000e+00,4.066499999999999915e+01,3.030300000000000082e+01,2.300000000000000000e+01,2.300000000000000000e+01
2.069000294208526611e+02,0.000000000000000000e+00,0.000000000000000000e+00,4.066499999999999915e+01,3.020499999999999829e+01,2.300000000000000000e+01,2.300000000000000000e+01
2.081031064987182617e+02,0.000000000000000000e+00,0.000000000000000000e+00,4.066499999999999915e+01,3.030300000000000082e+01,2.300000000000000000e+01,2.300000000000000000e+01
2.093114261627197266e+02,0.000000000000000000e+00,0.000000000000000000e+00,4.061599999999999966e+01,3.030300000000000082e+01,2.300000000000000000e+01,2.300000000000000000e+01
2.105169327259063721e+02,0.000000000000000000e+00,0.000000000000000000e+00,4.056700000000000017e+01,3.025400000000000134e+01,2.300000000000000000e+01,2.300000000000000000e+01
2.117262806892395020e+02,0.000000000000000000e+00,0.000000000000000000e+00,4.056700000000000017e+01,3.030300000000000082e+01,2.300000000000000000e+01,2.300000000000000000e+01
2.129336605072021484e+02,0.000000000000000000e+00,0.000000000000000000e+00,4.056700000000000017e+01,3.030300000000000082e+01,2.300000000000000000e+01,2.300000000000000000e+01
2.141412799358367920e+02,0.000000000000000000e+00,0.000000000000000000e+00,4.056700000000000017e+01,3.030300000000000082e+01,2.300000000000000000e+01,2.300000000000000000e+01
2.153472430706024170e+02,0.000000000000000000e+00,0.000000000000000000e+00,4.056700000000000017e+01,3.030300000000000082e+01,2.300000000000000000e+01,2.300000000000000000e+01
2.165636565685272217e+02,0.000000000000000000e+00,0.000000000000000000e+00,4.042000000000000171e+01,3.030300000000000082e+01,2.300000000000000000e+01,2.300000000000000000e+01
2.177698440551757812e+02,0.000000000000000000e+00,0.000000000000000000e+00,4.037100000000000222e+01,3.025400000000000134e+01,2.300000000000000000e+01,2.300000000000000000e+01
2.189698219299316406e+02,0.000000000000000000e+00,0.000000000000000000e+00,4.032300000000000040e+01,3.025400000000000134e+01,2.300000000000000000e+01,2.300000000000000000e+01
2.201746764183044434e+02,0.000000000000000000e+00,0.000000000000000000e+00,4.022500000000000142e+01,3.030300000000000082e+01,2.300000000000000000e+01,2.300000000000000000e+01
2.213946859836578369e+02,0.000000000000000000e+00,0.000000000000000000e+00,4.012700000000000244e+01,3.025400000000000134e+01,2.300000000000000000e+01,2.300000000000000000e+01
2.225955586433410645e+02,0.000000000000000000e+00,0.000000000000000000e+00,4.007800000000000296e+01,3.025400000000000134e+01,2.300000000000000000e+01,2.300000000000000000e+01
2.238263683319091797e+02,0.000000000000000000e+00,0.000000000000000000e+00,4.007800000000000296e+01,3.020499999999999829e+01,2.300000000000000000e+01,2.300000000000000000e+01
2.250270557403564453e+02,0.000000000000000000e+00,0.000000000000000000e+00,4.007800000000000296e+01,3.030300000000000082e+01,2.300000000000000000e+01,2.300000000000000000e+01
2.262411601543426514e+02,0.000000000000000000e+00,0.000000000000000000e+00,4.007800000000000296e+01,3.030300000000000082e+01,2.300000000000000000e+01,2.300000000000000000e+01
2.274487886428833008e+02,0.000000000000000000e+00,0.000000000000000000e+00,4.007800000000000296e+01,3.020499999999999829e+01,2.300000000000000000e+01,2.300000000000000000e+01
2.286532478332519531e+02,0.000000000000000000e+00,0.000000000000000000e+00,4.007800000000000296e+01,3.020499999999999829e+01,2.300000000000000000e+01,2.300000000000000000e+01
2.298528919219970703e+02,0.000000000000000000e+00,0.000000000000000000e+00,4.002900000000000347e+01,3.025400000000000134e+01,2.300000000000000000e+01,2.300000000000000000e+01
2.310610735416412354e+02,0.000000000000000000e+00,0.000000000000000000e+00,4.002900000000000347e+01,3.025400000000000134e+01,2.300000000000000000e+01,2.300000000000000000e+01
2.322791721820831299e+02,5.099999999999837996e+01,0.000000000000000000e+00,3.993200000000000216e+01,3.025400000000000134e+01,2.300000000000000000e+01,2.300000000000000000e+01
2.334827446937561035e+02,1.000000000000000000e+02,0.000000000000000000e+00,3.978499999999999659e+01,3.025400000000000134e+01,2.300000000000000000e+01,2.300000000000000000e+01
2.346860795021057129e+02,1.000000000000000000e+02,0.000000000000000000e+00,3.973599999999999710e+01,3.025400000000000134e+01,2.300000000000000000e+01,2.300000000000000000e+01
2.358996484279632568e+02,1.000000000000000000e+02,0.000000000000000000e+00,3.954099999999999682e+01,3.020499999999999829e+01,2.300000000000000000e+01,2.300000000000000000e+01
2.370991003513336182e+02,1.000000000000000000e+02,0.000000000000000000e+00,3.958899999999999864e+01,3.025400000000000134e+01,2.300000000000000000e+01,2.300000000000000000e+01
2.383083124160766602e+02,1.000000000000000000e+02,0.000000000000000000e+00,3.963799999999999812e+01,3.015599999999999881e+01,2.300000000000000000e+01,2.300000000000000000e+01
2.395113427639007568e+02,1.000000000000000000e+02,0.000000000000000000e+00,3.954099999999999682e+01,3.030300000000000082e+01,2.300000000000000000e+01,2.300000000000000000e+01
2.407312414646148682e+02,1.000000000000000000e+02,0.000000000000000000e+00,3.954099999999999682e+01,3.020499999999999829e+01,2.300000000000000000e+01,2.300000000000000000e+01
2.419407329559326172e+02,1.000000000000000000e+02,0.000000000000000000e+00,3.954099999999999682e+01,3.025400000000000134e+01,2.300000000000000000e+01,2.300000000000000000e+01
2.431523318290710449e+02,1.000000000000000000e+02,0.000000000000000000e+00,3.958899999999999864e+01,3.025400000000000134e+01,2.300000000000000000e+01,2.300000000000000000e+01
2.444800066947937012e+02,1.000000000000000000e+02,0.000000000000000000e+00,3.949199999999999733e+01,3.025400000000000134e+01,2.300000000000000000e+01,2.300000000000000000e+01
2.456808683872222900e+02,1.000000000000000000e+02,0.000000000000000000e+00,3.949199999999999733e+01,3.025400000000000134e+01,2.300000000000000000e+01,2.300000000000000000e+01
2.468880293369293213e+02,1.000000000000000000e+02,0.000000000000000000e+00,3.944299999999999784e+01,3.020499999999999829e+01,2.300000000000000000e+01,2.300000000000000000e+01
2.480963816642761230e+02,1.000000000000000000e+02,0.000000000000000000e+00,3.958899999999999864e+01,3.015599999999999881e+01,2.300000000000000000e+01,2.300000000000000000e+01
2.493048582077026367e+02,1.000000000000000000e+02,0.000000000000000000e+00,3.954099999999999682e+01,3.030300000000000082e+01,2.300000000000000000e+01,2.300000000000000000e+01
2.505069706439971924e+02,1.000000000000000000e+02,0.000000000000000000e+00,3.949199999999999733e+01,3.015599999999999881e+01,2.300000000000000000e+01,2.300000000000000000e+01
2.517170419692993164e+02,1.000000000000000000e+02,0.000000000000000000e+00,3.944299999999999784e+01,3.010800000000000054e+01,2.300000000000000000e+01,2.300000000000000000e+01
2.529289031028747559e+02,1.000000000000000000e+02,0.000000000000000000e+00,3.954099999999999682e+01,3.010800000000000054e+01,2.300000000000000000e+01,2.300000000000000000e+01
2.541360290050506592e+02,1.000000000000000000e+02,0.000000000000000000e+00,3.958899999999999864e+01,3.020499999999999829e+01,2.300000000000000000e+01,2.300000000000000000e+01
2.553433783054351807e+02,1.000000000000000000e+02,0.000000000000000000e+00,3.958899999999999864e+01,3.020499999999999829e+01,2.300000000000000000e+01,2.300000000000000000e+01
2.565538640022277832e+02,1.000000000000000000e+02,0.000000000000000000e+00,3.949199999999999733e+01,3.020499999999999829e+01,2.300000000000000000e+01,2.300000000000000000e+01
2.577586898803710938e+02,1.000000000000000000e+02,0.000000000000000000e+00,3.954099999999999682e+01,3.030300000000000082e+01,2.300000000000000000e+01,2.300000000000000000e+01
2.589694073200225830e+02,1.000000000000000000e+02,0.000000000000000000e+00,3.958899999999999864e+01,3.035200000000000031e+01,2.300000000000000000e+01,2.300000000000000000e+01
2.601827652454376221e+02,1.000000000000000000e+02,0.000000000000000000e+00,3.963799999999999812e+01,3.010800000000000054e+01,2.300000000000000000e+01,2.300000000000000000e+01
2.613899350166320801e+02,1.000000000000000000e+02,0.000000000000000000e+00,3.958899999999999864e+01,3.015599999999999881e+01,2.300000000000000000e+01,2.300000000000000000e+01
2.626022586822509766e+02,1.000000000000000000e+02,0.000000000000000000e+00,3.958899999999999864e+01,3.025400000000000134e+01,2.300000000000000000e+01,2.300000000000000000e+01
2.638051931858062744e+02,1.000000000000000000e+02,0.000000000000000000e+00,3.973599999999999710e+01,3.010800000000000054e+01,2.300000000000000000e+01,2.300000000000000000e+01
2.650125896930694580e+02,8.774999999999799627e+01,0.000000000000000000e+00,3.988300000000000267e+01,3.020499999999999829e+01,2.300000000000000000e+01,2.300000000000000000e+01
2.662284536361694336e+02,1.500000000000234479e+01,0.000000000000000000e+00,3.997999999999999687e+01,3.010800000000000054e+01,2.300000000000000000e+01,2.300000000000000000e+01
2.674398670196533203e+02,5.099999999999837996e+01,0.000000000000000000e+00,3.993200000000000216e+01,3.010800000000000054e+01,2.300000000000000000e+01,2.300000000000000000e+01
2.686435773372650146e+02,0.000000000000000000e+00,0.000000000000000000e+00,4.002900000000000347e+01,3.025400000000000134e+01,2.300000000000000000e+01,2.300000000000000000e+01
2.698551151752471924e+02,0.000000000000000000e+00,0.000000000000000000e+00,4.007800000000000296e+01,3.010800000000000054e+01,2.300000000000000000e+01,2.300000000000000000e+01
2.710670638084411621e+02,0.000000000000000000e+00,0.000000000000000000e+00,4.007800000000000296e+01,3.020499999999999829e+01,2.300000000000000000e+01,2.300000000000000000e+01
2.722700102329254150e+02,0.000000000000000000e+00,0.000000000000000000e+00,4.007800000000000296e+01,3.030300000000000082e+01,2.300000000000000000e+01,2.300000000000000000e+01
2.734792613983154297e+02,0.000000000000000000e+00,0.000000000000000000e+00,4.007800000000000296e+01,3.020499999999999829e+01,2.300000000000000000e+01,2.300000000000000000e+01
2.746898009777069092e+02,0.000000000000000000e+00,0.000000000000000000e+00,4.017600000000000193e+01,3.025400000000000134e+01,2.300000000000000000e+01,2.300000000000000000e+01
2.758906152248382568e+02,0.000000000000000000e+00,0.000000000000000000e+00,4.037100000000000222e+01,3.025400000000000134e+01,2.300000000000000000e+01,2.300000000000000000e+01
2.771026883125305176e+02,0.000000000000000000e+00,0.000000000000000000e+00,4.056700000000000017e+01,3.025400000000000134e+01,2.300000000000000000e+01,2.300000000000000000e+01
2.783137748241424561e+02,0.000000000000000000e+00,0.000000000000000000e+00,4.056700000000000017e+01,3.030300000000000082e+01,2.300000000000000000e+01,2.300000000000000000e+01
2.795176994800567627e+02,0.000000000000000000e+00,0.000000000000000000e+00,4.056700000000000017e+01,3.030300000000000082e+01,2.300000000000000000e+01,2.300000000000000000e+01
2.807264890670776367e+02,0.000000000000000000e+00,0.000000000000000000e+00,4.056700000000000017e+01,3.020499999999999829e+01,2.300000000000000000e+01,2.300000000000000000e+01
2.819398462772369385e+02,0.000000000000000000e+00,0.000000000000000000e+00,4.061599999999999966e+01,3.030300000000000082e+01,2.300000000000000000e+01,2.300000000000000000e+01
2.831434707641601562e+02,0.000000000000000000e+00,0.000000000000000000e+00,4.071399999999999864e+01,3.030300000000000082e+01,2.300000000000000000e+01,2.300000000000000000e+01
2.844720911979675293e+02,0.000000000000000000e+00,0.000000000000000000e+00,4.095799999999999841e+01,3.030300000000000082e+01,2.300000000000000000e+01,2.300000000000000000e+01
2.856745023727416992e+02,0.000000000000000000e+00,0.000000000000000000e+00,4.095799999999999841e+01,3.030300000000000082e+01,2.300000000000000000e+01,2.300000000000000000e+01
2.868791871070861816e+02,0.000000000000000000e+00,0.000000000000000000e+00,4.105599999999999739e+01,3.030300000000000082e+01,2.300000000000000000e+01,2.300000000000000000e+01
2.880941340923309326e+02,0.000000000000000000e+00,0.000000000000000000e+00,4.105599999999999739e+01,3.030300000000000082e+01,2.300000000000000000e+01,2.300000000000000000e+01
2.893047468662261963e+02,0.000000000000000000e+00,0.000000000000000000e+00,4.105599999999999739e+01,3.030300000000000082e+01,2.300000000000000000e+01,2.300000000000000000e+01
2.905165722370147705e+02,0.000000000000000000e+00,0.000000000000000000e+00,4.105599999999999739e+01,3.030300000000000082e+01,2.300000000000000000e+01,2.300000000000000000e+01
2.917310638427734375e+02,0.000000000000000000e+00,0.000000000000000000e+00,4.105599999999999739e+01,3.030300000000000082e+01,2.300000000000000000e+01,2.300000000000000000e+01
2.929370408058166504e+02,0.000000000000000000e+00,0.000000000000000000e+00,4.105599999999999739e+01,3.030300000000000082e+01,2.300000000000000000e+01,2.300000000000000000e+01
2.941487467288970947e+02,0.000000000000000000e+00,0.000000000000000000e+00,4.105599999999999739e+01,3.030300000000000082e+01,2.300000000000000000e+01,2.300000000000000000e+01
2.953711235523223877e+02,0.000000000000000000e+00,0.000000000000000000e+00,4.105599999999999739e+01,3.030300000000000082e+01,2.300000000000000000e+01,2.300000000000000000e+01
2.965881154537200928e+02,0.000000000000000000e+00,0.000000000000000000e+00,4.105599999999999739e+01,3.030300000000000082e+01,2.300000000000000000e+01,2.300000000000000000e+01
2.978043432235717773e+02,0.000000000000000000e+00,0.000000000000000000e+00,4.105599999999999739e+01,3.030300000000000082e+01,2.300000000000000000e+01,2.300000000000000000e+01
2.990221173763275146e+02,0.000000000000000000e+00,0.000000000000000000e+00,4.105599999999999739e+01,3.030300000000000082e+01,2.300000000000000000e+01,2.300000000000000000e+01
3.002347233295440674e+02,0.000000000000000000e+00,0.000000000000000000e+00,4.105599999999999739e+01,3.030300000000000082e+01,2.300000000000000000e+01,2.300000000000000000e+01
3.014453322887420654e+02,0.000000000000000000e+00,0.000000000000000000e+00,4.110499999999999687e+01,3.030300000000000082e+01,2.300000000000000000e+01,2.300000000000000000e+01
3.026699774265289307e+02,0.000000000000000000e+00,0.000000000000000000e+00,4.105599999999999739e+01,3.030300000000000082e+01,2.300000000000000000e+01,2.300000000000000000e+01
3.038835473060607910e+02,0.000000000000000000e+00,0.000000000000000000e+00,4.105599999999999739e+01,3.030300000000000082e+01,2.300000000000000000e+01,2.300000000000000000e+01
3.050903005599975586e+02,0.000000000000000000e+00,0.000000000000000000e+00,4.105599999999999739e+01,3.030300000000000082e+01,2.300000000000000000e+01,2.300000000000000000e+01
3.063065237998962402e+02,0.000000000000000000e+00,0.000000000000000000e+00,4.105599999999999739e+01,3.030300000000000082e+01,2.300000000000000000e+01,2.300000000000000000e+01
3.075129988193511963e+02,0.000000000000000000e+00,0.000000000000000000e+00,4.105599999999999739e+01,3.030300000000000082e+01,2.300000000000000000e+01,2.300000000000000000e+01
3.087174103260040283e+02,0.000000000000000000e+00,0.000000000000000000e+00,4.105599999999999739e+01,3.030300000000000082e+01,2.300000000000000000e+01,2.300000000000000000e+01
3.099359667301177979e+02,0.000000000000000000e+00,0.000000000000000000e+00,4.105599999999999739e+01,3.030300000000000082e+01,2.300000000000000000e+01,2.300000000000000000e+01
3.111590845584869385e+02,0.000000000000000000e+00,0.000000000000000000e+00,4.105599999999999739e+01,3.030300000000000082e+01,2.300000000000000000e+01,2.300000000000000000e+01
3.123624699115753174e+02,0.000000000000000000e+00,0.000000000000000000e+00,4.105599999999999739e+01,3.030300000000000082e+01,2.300000000000000000e+01,2.300000000000000000e+01
3.135728917121887207e+02,0.000000000000000000e+00,0.000000000000000000e+00,4.105599999999999739e+01,3.030300000000000082e+01,2.300000000000000000e+01,2.300000000000000000e+01
3.147964980602264404e+02,0.000000000000000000e+00,0.000000000000000000e+00,4.105599999999999739e+01,3.030300000000000082e+01,2.300000000000000000e+01,2.300000000000000000e+01
3.160144650936126709e+02,0.000000000000000000e+00,0.000000000000000000e+00,4.105599999999999739e+01,3.030300000000000082e+01,2.300000000000000000e+01,2.300000000000000000e+01
3.172401442527770996e+02,0.000000000000000000e+00,0.000000000000000000e+00,4.100699999999999790e+01,3.030300000000000082e+01,2.300000000000000000e+01,2.300000000000000000e+01
3.184497227668762207e+02,0.000000000000000000e+00,0.000000000000000000e+00,4.090899999999999892e+01,3.030300000000000082e+01,2.300000000000000000e+01,2.300000000000000000e+01
3.197271804809570312e+02,0.000000000000000000e+00,0.000000000000000000e+00,4.090899999999999892e+01,3.030300000000000082e+01,2.300000000000000000e+01,2.300000000000000000e+01
3.209700424671173096e+02,0.000000000000000000e+00,0.000000000000000000e+00,4.071399999999999864e+01,3.030300000000000082e+01,2.300000000000000000e+01,2.300000000000000000e+01
3.222259242534637451e+02,0.000000000000000000e+00,0.000000000000000000e+00,4.071399999999999864e+01,3.030300000000000082e+01,2.300000000000000000e+01,2.300000000000000000e+01
3.234205703735351562e+02,0.000000000000000000e+00,0.000000000000000000e+00,4.061599999999999966e+01,3.030300000000000082e+01,2.300000000000000000e+01,2.300000000000000000e+01
3.247239038944244385e+02,0.000000000000000000e+00,0.000000000000000000e+00,4.056700000000000017e+01,3.030300000000000082e+01,2.300000000000000000e+01,2.300000000000000000e+01
3.259336140155792236e+02,0.000000000000000000e+00,0.000000000000000000e+00,4.056700000000000017e+01,3.035200000000000031e+01,2.300000000000000000e+01,2.300000000000000000e+01
3.273990283012390137e+02,0.000000000000000000e+00,0.000000000000000000e+00,4.056700000000000017e+01,3.035200000000000031e+01,2.300000000000000000e+01,2.300000000000000000e+01
3.288971197605133057e+02,0.000000000000000000e+00,0.000000000000000000e+00,4.056700000000000017e+01,3.035200000000000031e+01,2.300000000000000000e+01,2.300000000000000000e+01
3.304497685432434082e+02,0.000000000000000000e+00,0.000000000000000000e+00,4.042000000000000171e+01,3.030300000000000082e+01,2.300000000000000000e+01,2.300000000000000000e+01
3.317398598194122314e+02,0.000000000000000000e+00,0.000000000000000000e+00,4.042000000000000171e+01,3.030300000000000082e+01,2.300000000000000000e+01,2.300000000000000000e+01
3.335279083251953125e+02,0.000000000000000000e+00,0.000000000000000000e+00,4.007800000000000296e+01,3.030300000000000082e+01,2.300000000000000000e+01,2.300000000000000000e+01
3.349770789146423340e+02,0.000000000000000000e+00,0.000000000000000000e+00,4.007800000000000296e+01,3.030300000000000082e+01,2.300000000000000000e+01,2.300000000000000000e+01
3.362589769363403320e+02,0.000000000000000000e+00,0.000000000000000000e+00,4.007800000000000296e+01,3.030300000000000082e+01,2.300000000000000000e+01,2.300000000000000000e+01
3.375373706817626953e+02,0.000000000000000000e+00,0.000000000000000000e+00,4.007800000000000296e+01,3.035200000000000031e+01,2.300000000000000000e+01,2.300000000000000000e+01
3.387197637557983398e+02,0.000000000000000000e+00,0.000000000000000000e+00,4.007800000000000296e+01,3.030300000000000082e+01,2.300000000000000000e+01,2.300000000000000000e+01
3.398980655670166016e+02,0.000000000000000000e+00,0.000000000000000000e+00,4.007800000000000296e+01,3.030300000000000082e+01,2.300000000000000000e+01,2.300000000000000000e+01
3.410892543792724609e+02,0.000000000000000000e+00,0.000000000000000000e+00,4.002900000000000347e+01,3.030300000000000082e+01,2.300000000000000000e+01,2.300000000000000000e+01
3.422892925739288330e+02,8.774999999999799627e+01,0.000000000000000000e+00,3.988300000000000267e+01,3.035200000000000031e+01,2.300000000000000000e+01,2.300000000000000000e+01
3.434720427989959717e+02,1.000000000000000000e+02,0.000000000000000000e+00,3.983400000000000318e+01,3.035200000000000031e+01,2.300000000000000000e+01,2.300000000000000000e+01
3.446968033313751221e+02,1.000000000000000000e+02,0.000000000000000000e+00,3.968699999999999761e+01,3.025400000000000134e+01,2.300000000000000000e+01,2.300000000000000000e+01
3.459487493038177490e+02,1.000000000000000000e+02,0.000000000000000000e+00,3.963799999999999812e+01,3.035200000000000031e+01,2.300000000000000000e+01,2.300000000000000000e+01
3.471351318359375000e+02,1.000000000000000000e+02,0.000000000000000000e+00,3.958899999999999864e+01,3.044999999999999929e+01,2.300000000000000000e+01,2.300000000000000000e+01
