Tiempo (s), Cal1 (%), Cal2 (%), Temp1 (°C), Temp2 (°C), Set1 (°C), Set2 (°C)
0.000000000000000000e+00,0.000000000000000000e+00,0.000000000000000000e+00,2.820100000000000051e+01,3.176899999999999835e+01,2.300000000000000000e+01,2.300000000000000000e+01
1.000236749649047852e+00,0.000000000000000000e+00,0.000000000000000000e+00,2.810399999999999920e+01,3.225800000000000267e+01,2.300000000000000000e+01,2.300000000000000000e+01
2.000553369522094727e+00,0.000000000000000000e+00,0.000000000000000000e+00,2.785900000000000176e+01,3.167200000000000060e+01,2.300000000000000000e+01,2.300000000000000000e+01
3.000886201858520508e+00,0.000000000000000000e+00,0.000000000000000000e+00,2.785900000000000176e+01,3.128099999999999881e+01,2.300000000000000000e+01,2.300000000000000000e+01
4.001277446746826172e+00,0.000000000000000000e+00,0.000000000000000000e+00,2.785900000000000176e+01,3.171999999999999886e+01,2.300000000000000000e+01,2.300000000000000000e+01
5.001856803894042969e+00,0.000000000000000000e+00,0.000000000000000000e+00,2.780999999999999872e+01,3.128099999999999881e+01,2.300000000000000000e+01,2.300000000000000000e+01
6.002344131469726562e+00,0.000000000000000000e+00,0.000000000000000000e+00,2.776099999999999923e+01,3.128099999999999881e+01,2.300000000000000000e+01,2.300000000000000000e+01
7.002511501312255859e+00,0.000000000000000000e+00,0.000000000000000000e+00,2.751699999999999946e+01,3.084100000000000108e+01,2.300000000000000000e+01,2.300000000000000000e+01
8.002985954284667969e+00,0.000000000000000000e+00,0.000000000000000000e+00,2.737000000000000099e+01,3.128099999999999881e+01,2.300000000000000000e+01,2.300000000000000000e+01
9.003311395645141602e+00,0.000000000000000000e+00,0.000000000000000000e+00,2.741900000000000048e+01,3.171999999999999886e+01,2.300000000000000000e+01,2.300000000000000000e+01
1.000388884544372559e+01,2.000000000000000000e+01,0.000000000000000000e+00,2.737000000000000099e+01,3.089000000000000057e+01,2.300000000000000000e+01,2.300000000000000000e+01
1.100446081161499023e+01,2.000000000000000000e+01,0.000000000000000000e+00,2.776099999999999923e+01,3.123199999999999932e+01,2.300000000000000000e+01,2.300000000000000000e+01
1.200501632690429688e+01,2.000000000000000000e+01,0.000000000000000000e+00,2.761499999999999844e+01,3.059600000000000009e+01,2.300000000000000000e+01,2.300000000000000000e+01
1.300563097000122070e+01,2.000000000000000000e+01,0.000000000000000000e+00,2.776099999999999923e+01,3.108500000000000085e+01,2.300000000000000000e+01,2.300000000000000000e+01
1.400612854957580566e+01,2.000000000000000000e+01,0.000000000000000000e+00,2.776099999999999923e+01,2.991199999999999903e+01,2.300000000000000000e+01,2.300000000000000000e+01
1.500652837753295898e+01,2.000000000000000000e+01,0.000000000000000000e+00,2.771300000000000097e+01,3.069399999999999906e+01,2.300000000000000000e+01,2.300000000000000000e+01
1.600681686401367188e+01,2.000000000000000000e+01,0.000000000000000000e+00,2.688200000000000145e+01,2.756599999999999895e+01,2.300000000000000000e+01,2.300000000000000000e+01
1.700703024864196777e+01,2.000000000000000000e+01,0.000000000000000000e+00,2.737000000000000099e+01,2.966799999999999926e+01,2.300000000000000000e+01,2.300000000000000000e+01
1.800749087333679199e+01,2.000000000000000000e+01,0.000000000000000000e+00,2.737000000000000099e+01,2.688200000000000145e+01,2.300000000000000000e+01,2.300000000000000000e+01
1.900798201560974121e+01,2.000000000000000000e+01,0.000000000000000000e+00,2.780999999999999872e+01,2.976500000000000057e+01,2.300000000000000000e+01,2.300000000000000000e+01
2.000868463516235352e+01,2.000000000000000000e+01,0.000000000000000000e+00,2.785900000000000176e+01,2.937399999999999878e+01,2.300000000000000000e+01,2.300000000000000000e+01
2.100910592079162598e+01,2.000000000000000000e+01,0.000000000000000000e+00,2.785900000000000176e+01,2.878800000000000026e+01,2.300000000000000000e+01,2.300000000000000000e+01
2.200972962379455566e+01,2.000000000000000000e+01,0.000000000000000000e+00,2.741900000000000048e+01,3.044999999999999929e+01,2.300000000000000000e+01,2.300000000000000000e+01
2.300990629196166992e+01,2.000000000000000000e+01,0.000000000000000000e+00,2.790800000000000125e+01,2.790800000000000125e+01,2.300000000000000000e+01,2.300000000000000000e+01
2.401003170013427734e+01,2.000000000000000000e+01,0.000000000000000000e+00,2.761499999999999844e+01,2.707700000000000173e+01,2.300000000000000000e+01,2.300000000000000000e+01
2.501046109199523926e+01,2.000000000000000000e+01,0.000000000000000000e+00,2.780999999999999872e+01,2.497599999999999909e+01,2.300000000000000000e+01,2.300000000000000000e+01
2.601096367835998535e+01,2.000000000000000000e+01,0.000000000000000000e+00,2.741900000000000048e+01,2.859199999999999875e+01,2.300000000000000000e+01,2.300000000000000000e+01
2.701135039329528809e+01,2.000000000000000000e+01,0.000000000000000000e+00,2.829899999999999949e+01,2.922800000000000153e+01,2.300000000000000000e+01,2.300000000000000000e+01
2.801193714141845703e+01,2.000000000000000000e+01,0.000000000000000000e+00,2.834799999999999898e+01,2.888599999999999923e+01,2.300000000000000000e+01,2.300000000000000000e+01
2.901210427284240723e+01,2.000000000000000000e+01,0.000000000000000000e+00,2.766400000000000148e+01,2.717500000000000071e+01,2.300000000000000000e+01,2.300000000000000000e+01
3.001223874092102051e+01,2.000000000000000000e+01,0.000000000000000000e+00,2.771300000000000097e+01,2.966799999999999926e+01,2.300000000000000000e+01,2.300000000000000000e+01
3.101246714591979980e+01,2.000000000000000000e+01,0.000000000000000000e+00,2.820100000000000051e+01,3.201400000000000290e+01,2.300000000000000000e+01,2.300000000000000000e+01
3.201272773742675781e+01,2.000000000000000000e+01,0.000000000000000000e+00,2.829899999999999949e+01,3.128099999999999881e+01,2.300000000000000000e+01,2.300000000000000000e+01
3.301389241218566895e+01,2.000000000000000000e+01,0.000000000000000000e+00,2.805499999999999972e+01,3.103600000000000136e+01,2.300000000000000000e+01,2.300000000000000000e+01
3.401406383514404297e+01,2.000000000000000000e+01,0.000000000000000000e+00,2.834799999999999898e+01,3.113400000000000034e+01,2.300000000000000000e+01,2.300000000000000000e+01
3.501434230804443359e+01,2.000000000000000000e+01,0.000000000000000000e+00,2.810399999999999920e+01,3.108500000000000085e+01,2.300000000000000000e+01,2.300000000000000000e+01
3.601469540596008301e+01,2.000000000000000000e+01,0.000000000000000000e+00,2.834799999999999898e+01,3.030300000000000082e+01,2.300000000000000000e+01,2.300000000000000000e+01
3.701503682136535645e+01,2.000000000000000000e+01,0.000000000000000000e+00,2.834799999999999898e+01,3.025400000000000134e+01,2.300000000000000000e+01,2.300000000000000000e+01
3.801556611061096191e+01,2.000000000000000000e+01,0.000000000000000000e+00,2.776099999999999923e+01,3.191600000000000037e+01,2.300000000000000000e+01,2.300000000000000000e+01
3.901581740379333496e+01,2.000000000000000000e+01,0.000000000000000000e+00,2.785900000000000176e+01,2.952100000000000080e+01,2.300000000000000000e+01,2.300000000000000000e+01
4.001597189903259277e+01,2.000000000000000000e+01,0.000000000000000000e+00,2.820100000000000051e+01,2.780999999999999872e+01,2.300000000000000000e+01,2.300000000000000000e+01
4.101636171340942383e+01,2.000000000000000000e+01,0.000000000000000000e+00,2.815200000000000102e+01,2.878800000000000026e+01,2.300000000000000000e+01,2.300000000000000000e+01
4.201675748825073242e+01,2.000000000000000000e+01,0.000000000000000000e+00,2.780999999999999872e+01,2.624599999999999866e+01,2.300000000000000000e+01,2.300000000000000000e+01
4.301725506782531738e+01,2.000000000000000000e+01,0.000000000000000000e+00,2.776099999999999923e+01,2.737000000000000099e+01,2.300000000000000000e+01,2.300000000000000000e+01
4.401766610145568848e+01,2.000000000000000000e+01,0.000000000000000000e+00,2.795700000000000074e+01,2.316700000000000159e+01,2.300000000000000000e+01,2.300000000000000000e+01
4.501821398735046387e+01,2.000000000000000000e+01,0.000000000000000000e+00,2.790800000000000125e+01,2.311799999999999855e+01,2.300000000000000000e+01,2.300000000000000000e+01
4.601858282089233398e+01,2.000000000000000000e+01,0.000000000000000000e+00,2.737000000000000099e+01,2.497599999999999909e+01,2.300000000000000000e+01,2.300000000000000000e+01
4.701868700981140137e+01,2.000000000000000000e+01,0.000000000000000000e+00,2.761499999999999844e+01,2.346000000000000085e+01,2.300000000000000000e+01,2.300000000000000000e+01
4.801919651031494141e+01,2.000000000000000000e+01,0.000000000000000000e+00,2.795700000000000074e+01,2.663700000000000045e+01,2.300000000000000000e+01,2.300000000000000000e+01
4.901973414421081543e+01,2.000000000000000000e+01,0.000000000000000000e+00,2.595299999999999940e+01,2.927700000000000102e+01,2.300000000000000000e+01,2.300000000000000000e+01
5.002000737190246582e+01,2.000000000000000000e+01,0.000000000000000000e+00,2.610000000000000142e+01,2.966799999999999926e+01,2.300000000000000000e+01,2.300000000000000000e+01
5.102030467987060547e+01,2.000000000000000000e+01,0.000000000000000000e+00,2.600199999999999889e+01,2.961899999999999977e+01,2.300000000000000000e+01,2.300000000000000000e+01
5.202086138725280762e+01,2.000000000000000000e+01,0.000000000000000000e+00,2.610000000000000142e+01,2.971699999999999875e+01,2.300000000000000000e+01,2.300000000000000000e+01
5.302148985862731934e+01,2.000000000000000000e+01,0.000000000000000000e+00,2.590399999999999991e+01,3.084100000000000108e+01,2.300000000000000000e+01,2.300000000000000000e+01
5.402176523208618164e+01,2.000000000000000000e+01,0.000000000000000000e+00,2.610000000000000142e+01,3.010800000000000054e+01,2.300000000000000000e+01,2.300000000000000000e+01
5.502227497100830078e+01,2.000000000000000000e+01,0.000000000000000000e+00,2.610000000000000142e+01,2.952100000000000080e+01,2.300000000000000000e+01,2.300000000000000000e+01
5.602250838279724121e+01,2.000000000000000000e+01,0.000000000000000000e+00,2.585500000000000043e+01,2.903200000000000003e+01,2.300000000000000000e+01,2.300000000000000000e+01
5.702313709259033203e+01,2.000000000000000000e+01,0.000000000000000000e+00,2.610000000000000142e+01,2.756599999999999895e+01,2.300000000000000000e+01,2.300000000000000000e+01
5.802328276634216309e+01,2.000000000000000000e+01,0.000000000000000000e+00,2.610000000000000142e+01,2.639300000000000068e+01,2.300000000000000000e+01,2.300000000000000000e+01
5.902376604080200195e+01,2.000000000000000000e+01,0.000000000000000000e+00,2.595299999999999940e+01,2.546399999999999864e+01,2.300000000000000000e+01,2.300000000000000000e+01
6.002451992034912109e+01,2.000000000000000000e+01,0.000000000000000000e+00,2.600199999999999889e+01,3.025400000000000134e+01,2.300000000000000000e+01,2.300000000000000000e+01
6.102507400512695312e+01,2.000000000000000000e+01,0.000000000000000000e+00,2.605099999999999838e+01,2.844600000000000151e+01,2.300000000000000000e+01,2.300000000000000000e+01
6.202548217773437500e+01,2.000000000000000000e+01,0.000000000000000000e+00,2.610000000000000142e+01,2.693100000000000094e+01,2.300000000000000000e+01,2.300000000000000000e+01
6.302592825889587402e+01,2.000000000000000000e+01,0.000000000000000000e+00,2.595299999999999940e+01,2.526899999999999835e+01,2.300000000000000000e+01,2.300000000000000000e+01
6.402644968032836914e+01,2.000000000000000000e+01,0.000000000000000000e+00,2.600199999999999889e+01,2.536700000000000088e+01,2.300000000000000000e+01,2.300000000000000000e+01
6.502692890167236328e+01,2.000000000000000000e+01,0.000000000000000000e+00,2.614900000000000091e+01,2.326500000000000057e+01,2.300000000000000000e+01,2.300000000000000000e+01
6.602744936943054199e+01,2.000000000000000000e+01,0.000000000000000000e+00,2.566000000000000014e+01,2.644200000000000017e+01,2.300000000000000000e+01,2.300000000000000000e+01
6.702798008918762207e+01,2.000000000000000000e+01,0.000000000000000000e+00,2.566000000000000014e+01,2.712600000000000122e+01,2.300000000000000000e+01,2.300000000000000000e+01
6.802867245674133301e+01,2.000000000000000000e+01,0.000000000000000000e+00,2.551300000000000168e+01,2.590399999999999991e+01,2.300000000000000000e+01,2.300000000000000000e+01
6.902917098999023438e+01,2.000000000000000000e+01,0.000000000000000000e+00,2.551300000000000168e+01,2.546399999999999864e+01,2.300000000000000000e+01,2.300000000000000000e+01
7.002967286109924316e+01,2.000000000000000000e+01,0.000000000000000000e+00,2.634400000000000119e+01,2.688200000000000145e+01,2.300000000000000000e+01,2.300000000000000000e+01
7.103000330924987793e+01,2.000000000000000000e+01,0.000000000000000000e+00,2.536700000000000088e+01,2.566000000000000014e+01,2.300000000000000000e+01,2.300000000000000000e+01
7.203053975105285645e+01,2.000000000000000000e+01,0.000000000000000000e+00,2.507300000000000040e+01,2.575799999999999912e+01,2.300000000000000000e+01,2.300000000000000000e+01
7.303098177909851074e+01,2.000000000000000000e+01,0.000000000000000000e+00,2.492699999999999960e+01,2.561100000000000065e+01,2.300000000000000000e+01,2.300000000000000000e+01
7.403140544891357422e+01,2.000000000000000000e+01,0.000000000000000000e+00,2.492699999999999960e+01,2.556200000000000117e+01,2.300000000000000000e+01,2.300000000000000000e+01
7.503159451484680176e+01,2.000000000000000000e+01,0.000000000000000000e+00,2.482900000000000063e+01,2.610000000000000142e+01,2.300000000000000000e+01,2.300000000000000000e+01
7.603219342231750488e+01,2.000000000000000000e+01,0.000000000000000000e+00,2.492699999999999960e+01,2.605099999999999838e+01,2.300000000000000000e+01,2.300000000000000000e+01
7.703265023231506348e+01,2.000000000000000000e+01,0.000000000000000000e+00,2.492699999999999960e+01,2.639300000000000068e+01,2.300000000000000000e+01,2.300000000000000000e+01
7.803291893005371094e+01,2.000000000000000000e+01,0.000000000000000000e+00,2.590399999999999991e+01,2.605099999999999838e+01,2.300000000000000000e+01,2.300000000000000000e+01
7.903322887420654297e+01,2.000000000000000000e+01,0.000000000000000000e+00,2.566000000000000014e+01,2.644200000000000017e+01,2.300000000000000000e+01,2.300000000000000000e+01
8.003343439102172852e+01,2.000000000000000000e+01,0.000000000000000000e+00,2.546399999999999864e+01,2.566000000000000014e+01,2.300000000000000000e+01,2.300000000000000000e+01
8.103358793258666992e+01,2.000000000000000000e+01,0.000000000000000000e+00,2.570899999999999963e+01,3.162300000000000111e+01,2.300000000000000000e+01,2.300000000000000000e+01
8.203389692306518555e+01,2.000000000000000000e+01,0.000000000000000000e+00,2.595299999999999940e+01,4.237500000000000000e+01,2.300000000000000000e+01,2.300000000000000000e+01
8.303449487686157227e+01,2.000000000000000000e+01,0.000000000000000000e+00,2.566000000000000014e+01,3.479999999999999716e+01,2.300000000000000000e+01,2.300000000000000000e+01
8.403495573997497559e+01,2.000000000000000000e+01,0.000000000000000000e+00,2.551300000000000168e+01,3.299099999999999966e+01,2.300000000000000000e+01,2.300000000000000000e+01
8.503568863868713379e+01,2.000000000000000000e+01,0.000000000000000000e+00,2.619699999999999918e+01,2.981400000000000006e+01,2.300000000000000000e+01,2.300000000000000000e+01
8.603581809997558594e+01,2.000000000000000000e+01,0.000000000000000000e+00,2.610000000000000142e+01,2.932600000000000051e+01,2.300000000000000000e+01,2.300000000000000000e+01
8.703636121749877930e+01,2.000000000000000000e+01,0.000000000000000000e+00,2.634400000000000119e+01,2.903200000000000003e+01,2.300000000000000000e+01,2.300000000000000000e+01
8.803650784492492676e+01,2.000000000000000000e+01,0.000000000000000000e+00,2.678399999999999892e+01,3.005900000000000105e+01,2.300000000000000000e+01,2.300000000000000000e+01
8.903701424598693848e+01,2.000000000000000000e+01,0.000000000000000000e+00,2.619699999999999918e+01,2.839699999999999847e+01,2.300000000000000000e+01,2.300000000000000000e+01
9.003741621971130371e+01,2.000000000000000000e+01,0.000000000000000000e+00,2.653999999999999915e+01,2.839699999999999847e+01,2.300000000000000000e+01,2.300000000000000000e+01
9.103796648979187012e+01,2.000000000000000000e+01,0.000000000000000000e+00,2.668599999999999994e+01,2.927700000000000102e+01,2.300000000000000000e+01,2.300000000000000000e+01
9.203847360610961914e+01,2.000000000000000000e+01,0.000000000000000000e+00,2.678399999999999892e+01,2.878800000000000026e+01,2.300000000000000000e+01,2.300000000000000000e+01
9.303877997398376465e+01,2.000000000000000000e+01,0.000000000000000000e+00,2.678399999999999892e+01,2.922800000000000153e+01,2.300000000000000000e+01,2.300000000000000000e+01
9.403926324844360352e+01,2.000000000000000000e+01,0.000000000000000000e+00,2.658800000000000097e+01,2.756599999999999895e+01,2.300000000000000000e+01,2.300000000000000000e+01
9.503978896141052246e+01,2.000000000000000000e+01,0.000000000000000000e+00,2.678399999999999892e+01,2.922800000000000153e+01,2.300000000000000000e+01,2.300000000000000000e+01
9.604044032096862793e+01,2.000000000000000000e+01,0.000000000000000000e+00,2.634400000000000119e+01,2.893499999999999872e+01,2.300000000000000000e+01,2.300000000000000000e+01
9.704139065742492676e+01,2.000000000000000000e+01,0.000000000000000000e+00,2.658800000000000097e+01,2.653999999999999915e+01,2.300000000000000000e+01,2.300000000000000000e+01
9.804150819778442383e+01,2.000000000000000000e+01,0.000000000000000000e+00,2.678399999999999892e+01,2.600199999999999889e+01,2.300000000000000000e+01,2.300000000000000000e+01
9.904182767868041992e+01,2.000000000000000000e+01,0.000000000000000000e+00,2.688200000000000145e+01,2.531800000000000139e+01,2.300000000000000000e+01,2.300000000000000000e+01
1.000422973632812500e+02,2.000000000000000000e+01,0.000000000000000000e+00,2.693100000000000094e+01,2.536700000000000088e+01,2.300000000000000000e+01,2.300000000000000000e+01
1.010427503585815430e+02,2.000000000000000000e+01,0.000000000000000000e+00,2.678399999999999892e+01,2.541499999999999915e+01,2.300000000000000000e+01,2.300000000000000000e+01
1.020432789325714111e+02,2.000000000000000000e+01,0.000000000000000000e+00,2.678399999999999892e+01,2.541499999999999915e+01,2.300000000000000000e+01,2.300000000000000000e+01
1.030436890125274658e+02,2.000000000000000000e+01,0.000000000000000000e+00,2.678399999999999892e+01,2.541499999999999915e+01,2.300000000000000000e+01,2.300000000000000000e+01
1.040441029071807861e+02,2.000000000000000000e+01,0.000000000000000000e+00,2.673499999999999943e+01,2.961899999999999977e+01,2.300000000000000000e+01,2.300000000000000000e+01
1.050446834564208984e+02,2.000000000000000000e+01,0.000000000000000000e+00,2.653999999999999915e+01,2.898300000000000054e+01,2.300000000000000000e+01,2.300000000000000000e+01
1.060448100566864014e+02,2.000000000000000000e+01,0.000000000000000000e+00,2.653999999999999915e+01,2.991199999999999903e+01,2.300000000000000000e+01,2.300000000000000000e+01
1.070456035137176514e+02,2.000000000000000000e+01,0.000000000000000000e+00,2.678399999999999892e+01,3.015599999999999881e+01,2.300000000000000000e+01,2.300000000000000000e+01
1.080457768440246582e+02,2.000000000000000000e+01,0.000000000000000000e+00,2.673499999999999943e+01,2.971699999999999875e+01,2.300000000000000000e+01,2.300000000000000000e+01
1.090463819503784180e+02,2.000000000000000000e+01,0.000000000000000000e+00,2.668599999999999994e+01,2.932600000000000051e+01,2.300000000000000000e+01,2.300000000000000000e+01
1.100471456050872803e+02,2.000000000000000000e+01,0.000000000000000000e+00,2.673499999999999943e+01,2.883699999999999974e+01,2.300000000000000000e+01,2.300000000000000000e+01
1.110475680828094482e+02,2.000000000000000000e+01,0.000000000000000000e+00,2.653999999999999915e+01,2.952100000000000080e+01,2.300000000000000000e+01,2.300000000000000000e+01
1.120478951930999756e+02,2.000000000000000000e+01,0.000000000000000000e+00,2.658800000000000097e+01,2.878800000000000026e+01,2.300000000000000000e+01,2.300000000000000000e+01
1.130479979515075684e+02,2.000000000000000000e+01,0.000000000000000000e+00,2.653999999999999915e+01,3.044999999999999929e+01,2.300000000000000000e+01,2.300000000000000000e+01
1.140485582351684570e+02,2.000000000000000000e+01,0.000000000000000000e+00,2.668599999999999994e+01,2.986299999999999955e+01,2.300000000000000000e+01,2.300000000000000000e+01
1.150491905212402344e+02,2.000000000000000000e+01,0.000000000000000000e+00,2.712600000000000122e+01,2.883699999999999974e+01,2.300000000000000000e+01,2.300000000000000000e+01
1.160494616031646729e+02,2.000000000000000000e+01,0.000000000000000000e+00,2.683299999999999841e+01,3.025400000000000134e+01,2.300000000000000000e+01,2.300000000000000000e+01
1.170499551296234131e+02,2.000000000000000000e+01,0.000000000000000000e+00,2.722400000000000020e+01,2.869000000000000128e+01,2.300000000000000000e+01,2.300000000000000000e+01
1.180505032539367676e+02,2.000000000000000000e+01,0.000000000000000000e+00,2.712600000000000122e+01,2.658800000000000097e+01,2.300000000000000000e+01,2.300000000000000000e+01
1.190511047840118408e+02,2.000000000000000000e+01,0.000000000000000000e+00,2.702799999999999869e+01,2.541499999999999915e+01,2.300000000000000000e+01,2.300000000000000000e+01
1.200512707233428955e+02,2.000000000000000000e+01,0.000000000000000000e+00,2.702799999999999869e+01,2.746799999999999997e+01,2.300000000000000000e+01,2.300000000000000000e+01
1.210515692234039307e+02,2.000000000000000000e+01,0.000000000000000000e+00,2.712600000000000122e+01,2.971699999999999875e+01,2.300000000000000000e+01,2.300000000000000000e+01
1.220518064498901367e+02,2.000000000000000000e+01,0.000000000000000000e+00,2.688200000000000145e+01,2.976500000000000057e+01,2.300000000000000000e+01,2.300000000000000000e+01
1.230523030757904053e+02,2.000000000000000000e+01,0.000000000000000000e+00,2.658800000000000097e+01,3.035200000000000031e+01,2.300000000000000000e+01,2.300000000000000000e+01
1.240525090694427490e+02,2.000000000000000000e+01,0.000000000000000000e+00,2.693100000000000094e+01,2.932600000000000051e+01,2.300000000000000000e+01,2.300000000000000000e+01
1.250532772541046143e+02,2.000000000000000000e+01,0.000000000000000000e+00,2.688200000000000145e+01,2.883699999999999974e+01,2.300000000000000000e+01,2.300000000000000000e+01
1.260540452003479004e+02,2.000000000000000000e+01,0.000000000000000000e+00,2.717500000000000071e+01,2.844600000000000151e+01,2.300000000000000000e+01,2.300000000000000000e+01
1.270546045303344727e+02,2.000000000000000000e+01,0.000000000000000000e+00,2.717500000000000071e+01,2.834799999999999898e+01,2.300000000000000000e+01,2.300000000000000000e+01
1.280549936294555664e+02,2.000000000000000000e+01,0.000000000000000000e+00,2.702799999999999869e+01,2.883699999999999974e+01,2.300000000000000000e+01,2.300000000000000000e+01
1.290555210113525391e+02,2.000000000000000000e+01,0.000000000000000000e+00,2.688200000000000145e+01,3.020499999999999829e+01,2.300000000000000000e+01,2.300000000000000000e+01
1.300559380054473877e+02,2.000000000000000000e+01,0.000000000000000000e+00,2.707700000000000173e+01,2.776099999999999923e+01,2.300000000000000000e+01,2.300000000000000000e+01
1.310563144683837891e+02,2.000000000000000000e+01,0.000000000000000000e+00,2.702799999999999869e+01,2.834799999999999898e+01,2.300000000000000000e+01,2.300000000000000000e+01
1.320565073490142822e+02,2.000000000000000000e+01,0.000000000000000000e+00,2.697899999999999920e+01,2.883699999999999974e+01,2.300000000000000000e+01,2.300000000000000000e+01
1.330568785667419434e+02,2.000000000000000000e+01,0.000000000000000000e+00,2.663700000000000045e+01,2.473100000000000165e+01,2.300000000000000000e+01,2.300000000000000000e+01
1.340572228431701660e+02,2.000000000000000000e+01,0.000000000000000000e+00,2.678399999999999892e+01,2.566000000000000014e+01,2.300000000000000000e+01,2.300000000000000000e+01
1.350575525760650635e+02,2.000000000000000000e+01,0.000000000000000000e+00,2.678399999999999892e+01,2.360699999999999932e+01,2.300000000000000000e+01,2.300000000000000000e+01
1.360579633712768555e+02,2.000000000000000000e+01,0.000000000000000000e+00,2.658800000000000097e+01,2.844600000000000151e+01,2.300000000000000000e+01,2.300000000000000000e+01
1.370581445693969727e+02,2.000000000000000000e+01,0.000000000000000000e+00,2.673499999999999943e+01,2.693100000000000094e+01,2.300000000000000000e+01,2.300000000000000000e+01
1.380584895610809326e+02,2.000000000000000000e+01,0.000000000000000000e+00,2.668599999999999994e+01,3.059600000000000009e+01,2.300000000000000000e+01,2.300000000000000000e+01
1.390587847232818604e+02,2.000000000000000000e+01,0.000000000000000000e+00,2.653999999999999915e+01,2.854400000000000048e+01,2.300000000000000000e+01,2.300000000000000000e+01
1.400592734813690186e+02,2.000000000000000000e+01,0.000000000000000000e+00,2.668599999999999994e+01,3.123199999999999932e+01,2.300000000000000000e+01,2.300000000000000000e+01
1.410595946311950684e+02,2.000000000000000000e+01,0.000000000000000000e+00,2.668599999999999994e+01,3.040099999999999980e+01,2.300000000000000000e+01,2.300000000000000000e+01
1.420600860118865967e+02,2.000000000000000000e+01,0.000000000000000000e+00,2.653999999999999915e+01,3.030300000000000082e+01,2.300000000000000000e+01,2.300000000000000000e+01
1.430603475570678711e+02,2.000000000000000000e+01,0.000000000000000000e+00,2.678399999999999892e+01,3.118299999999999983e+01,2.300000000000000000e+01,2.300000000000000000e+01
1.440606386661529541e+02,2.000000000000000000e+01,0.000000000000000000e+00,2.668599999999999994e+01,2.952100000000000080e+01,2.300000000000000000e+01,2.300000000000000000e+01
1.450607912540435791e+02,2.000000000000000000e+01,0.000000000000000000e+00,2.668599999999999994e+01,3.030300000000000082e+01,2.300000000000000000e+01,2.300000000000000000e+01
1.460612945556640625e+02,2.000000000000000000e+01,0.000000000000000000e+00,2.634400000000000119e+01,3.035200000000000031e+01,2.300000000000000000e+01,2.300000000000000000e+01
1.470617873668670654e+02,2.000000000000000000e+01,0.000000000000000000e+00,2.668599999999999994e+01,3.030300000000000082e+01,2.300000000000000000e+01,2.300000000000000000e+01
1.480619976520538330e+02,2.000000000000000000e+01,0.000000000000000000e+00,2.634400000000000119e+01,3.040099999999999980e+01,2.300000000000000000e+01,2.300000000000000000e+01
1.490624923706054688e+02,2.000000000000000000e+01,0.000000000000000000e+00,2.639300000000000068e+01,2.854299999999999926e+01,2.300000000000000000e+01,2.300000000000000000e+01
1.500628621578216553e+02,2.000000000000000000e+01,0.000000000000000000e+00,2.639300000000000068e+01,3.025400000000000134e+01,2.300000000000000000e+01,2.300000000000000000e+01
1.510632309913635254e+02,2.000000000000000000e+01,0.000000000000000000e+00,2.639300000000000068e+01,2.981400000000000006e+01,2.300000000000000000e+01,2.300000000000000000e+01
1.520637283325195312e+02,2.000000000000000000e+01,0.000000000000000000e+00,2.610000000000000142e+01,2.932600000000000051e+01,2.300000000000000000e+01,2.300000000000000000e+01
1.530643699169158936e+02,2.000000000000000000e+01,0.000000000000000000e+00,3.475099999999999767e+01,3.812299999999999756e+01,2.300000000000000000e+01,2.300000000000000000e+01
1.540646772384643555e+02,2.000000000000000000e+01,0.000000000000000000e+00,2.820100000000000051e+01,3.025400000000000134e+01,2.300000000000000000e+01,2.300000000000000000e+01
1.550653972625732422e+02,2.000000000000000000e+01,0.000000000000000000e+00,2.805499999999999972e+01,2.981400000000000006e+01,2.300000000000000000e+01,2.300000000000000000e+01
1.560658457279205322e+02,2.000000000000000000e+01,0.000000000000000000e+00,2.800600000000000023e+01,3.171999999999999886e+01,2.300000000000000000e+01,2.300000000000000000e+01
1.570664737224578857e+02,2.000000000000000000e+01,0.000000000000000000e+00,2.761499999999999844e+01,3.069399999999999906e+01,2.300000000000000000e+01,2.300000000000000000e+01
1.580672068595886230e+02,2.000000000000000000e+01,0.000000000000000000e+00,2.766400000000000148e+01,2.981400000000000006e+01,2.300000000000000000e+01,2.300000000000000000e+01
1.590677316188812256e+02,2.000000000000000000e+01,0.000000000000000000e+00,2.693100000000000094e+01,3.118299999999999983e+01,2.300000000000000000e+01,2.300000000000000000e+01
1.600682947635650635e+02,2.000000000000000000e+01,0.000000000000000000e+00,2.712600000000000122e+01,2.981400000000000006e+01,2.300000000000000000e+01,2.300000000000000000e+01
1.610687553882598877e+02,2.000000000000000000e+01,0.000000000000000000e+00,2.717500000000000071e+01,2.883699999999999974e+01,2.300000000000000000e+01,2.300000000000000000e+01
1.620691468715667725e+02,2.000000000000000000e+01,0.000000000000000000e+00,2.702799999999999869e+01,3.010800000000000054e+01,2.300000000000000000e+01,2.300000000000000000e+01
1.630697748661041260e+02,2.000000000000000000e+01,0.000000000000000000e+00,2.634400000000000119e+01,2.834799999999999898e+01,2.300000000000000000e+01,2.300000000000000000e+01
1.640700860023498535e+02,2.000000000000000000e+01,0.000000000000000000e+00,2.634400000000000119e+01,2.854299999999999926e+01,2.300000000000000000e+01,2.300000000000000000e+01
1.650705368518829346e+02,2.000000000000000000e+01,0.000000000000000000e+00,2.751699999999999946e+01,3.015599999999999881e+01,2.300000000000000000e+01,2.300000000000000000e+01
1.660707387924194336e+02,2.000000000000000000e+01,0.000000000000000000e+00,2.722400000000000020e+01,3.128099999999999881e+01,2.300000000000000000e+01,2.300000000000000000e+01
1.670712234973907471e+02,2.000000000000000000e+01,0.000000000000000000e+00,2.712600000000000122e+01,2.893499999999999872e+01,2.300000000000000000e+01,2.300000000000000000e+01
1.680716812610626221e+02,2.000000000000000000e+01,0.000000000000000000e+00,2.688200000000000145e+01,3.074299999999999855e+01,2.300000000000000000e+01,2.300000000000000000e+01
1.690718812942504883e+02,2.000000000000000000e+01,0.000000000000000000e+00,2.746799999999999997e+01,2.912999999999999901e+01,2.300000000000000000e+01,2.300000000000000000e+01
1.700724079608917236e+02,2.000000000000000000e+01,0.000000000000000000e+00,2.693100000000000094e+01,3.108500000000000085e+01,2.300000000000000000e+01,2.300000000000000000e+01
1.710729026794433594e+02,2.000000000000000000e+01,0.000000000000000000e+00,2.746799999999999997e+01,2.663700000000000045e+01,2.300000000000000000e+01,2.300000000000000000e+01
1.720731267929077148e+02,2.000000000000000000e+01,0.000000000000000000e+00,2.712600000000000122e+01,2.883699999999999974e+01,2.300000000000000000e+01,2.300000000000000000e+01
1.730737090110778809e+02,2.000000000000000000e+01,0.000000000000000000e+00,2.732199999999999918e+01,2.580600000000000094e+01,2.300000000000000000e+01,2.300000000000000000e+01
1.740743548870086670e+02,2.000000000000000000e+01,0.000000000000000000e+00,2.727299999999999969e+01,2.546399999999999864e+01,2.300000000000000000e+01,2.300000000000000000e+01
1.750745573043823242e+02,2.000000000000000000e+01,0.000000000000000000e+00,2.693100000000000094e+01,2.394900000000000162e+01,2.300000000000000000e+01,2.300000000000000000e+01
1.760746583938598633e+02,2.000000000000000000e+01,0.000000000000000000e+00,2.780999999999999872e+01,2.453600000000000136e+01,2.300000000000000000e+01,2.300000000000000000e+01
1.770750622749328613e+02,2.000000000000000000e+01,0.000000000000000000e+00,2.683299999999999841e+01,2.536700000000000088e+01,2.300000000000000000e+01,2.300000000000000000e+01
1.780752177238464355e+02,2.000000000000000000e+01,0.000000000000000000e+00,2.595299999999999940e+01,2.825000000000000000e+01,2.300000000000000000e+01,2.300000000000000000e+01
1.790756006240844727e+02,2.000000000000000000e+01,0.000000000000000000e+00,2.639300000000000068e+01,3.123199999999999932e+01,2.300000000000000000e+01,2.300000000000000000e+01
1.800757675170898438e+02,2.000000000000000000e+01,0.000000000000000000e+00,2.678399999999999892e+01,2.678399999999999892e+01,2.300000000000000000e+01,2.300000000000000000e+01
1.810762033462524414e+02,2.000000000000000000e+01,0.000000000000000000e+00,2.649099999999999966e+01,2.844600000000000151e+01,2.300000000000000000e+01,2.300000000000000000e+01
1.820767779350280762e+02,2.000000000000000000e+01,0.000000000000000000e+00,2.649099999999999966e+01,2.883699999999999974e+01,2.300000000000000000e+01,2.300000000000000000e+01
1.830773532390594482e+02,2.000000000000000000e+01,0.000000000000000000e+00,2.600199999999999889e+01,2.873900000000000077e+01,2.300000000000000000e+01,2.300000000000000000e+01
1.840783638954162598e+02,2.000000000000000000e+01,0.000000000000000000e+00,2.639300000000000068e+01,2.785900000000000176e+01,2.300000000000000000e+01,2.300000000000000000e+01
1.850785739421844482e+02,2.000000000000000000e+01,0.000000000000000000e+00,2.629500000000000171e+01,2.834799999999999898e+01,2.300000000000000000e+01,2.300000000000000000e+01
1.860786910057067871e+02,2.000000000000000000e+01,0.000000000000000000e+00,2.575799999999999912e+01,2.800600000000000023e+01,2.300000000000000000e+01,2.300000000000000000e+01
